27, 125, pa2-unknown-g-output1.txt
  204.84,   205.46,   190.78
  403.42,   407.11,   205.19
   99.34,   101.02,    99.33
  101.68,   104.00,   224.67
  104.45,   106.69,   349.59
   97.50,   225.88,    96.47
   99.73,   228.81,   221.74
  102.15,   231.65,   346.72
   94.84,   350.87,    94.06
   97.53,   353.48,   218.92
  100.27,   356.29,   343.81
  224.48,   102.94,    96.47
  226.86,   106.32,   221.79
  229.52,   109.51,   346.96
  222.39,   227.99,    93.63
  224.85,   231.13,   219.03
  227.46,   233.92,   344.18
  219.41,   353.14,    91.45
  222.08,   355.51,   216.36
  225.37,   357.90,   340.99
  348.87,   104.94,    94.51
  351.47,   108.24,   219.30
  354.11,   111.20,   344.36
  346.49,   230.15,    91.75
  349.16,   233.48,   216.47
  352.19,   235.99,   341.58
  344.51,   354.70,    88.99
  347.29,   357.36,   213.99
  350.31,   360.21,   338.34
  101.24,   100.71,   224.03
  103.12,    99.82,   349.00
  104.53,    98.88,   474.08
  102.84,   225.56,   224.57
  104.35,   224.89,   349.60
  105.87,   224.33,   474.82
  104.13,   350.27,   225.19
  105.99,   349.51,   350.14
  107.97,   349.03,   475.19
  226.40,    99.55,   222.12
  228.20,    99.20,   347.27
  229.89,    98.77,   472.53
  227.98,   224.44,   222.82
  229.67,   223.76,   348.03
  231.69,   223.36,   473.02
  228.81,   348.82,   223.60
  231.15,   347.75,   348.30
  233.11,   347.28,   473.17
  351.17,    97.85,   220.61
  352.83,    97.37,   345.60
  354.74,    96.62,   470.63
  352.29,   223.35,   221.20
  354.39,   222.33,   346.40
  356.05,   221.33,   471.23
  354.00,   347.29,   222.15
  356.07,   346.62,   346.59
  357.75,   345.98,   471.19
  100.30,   100.30,   350.55
  100.51,    96.28,   475.56
  101.06,    93.16,   600.64
  102.72,   225.33,   354.20
  102.98,   221.73,   479.39
  103.75,   218.47,   604.76
  105.60,   349.90,   357.79
  106.31,   346.41,   482.82
  106.95,   343.23,   607.95
  225.39,    98.53,   350.00
  225.78,    95.02,   475.22
  226.01,    90.83,   600.09
  228.07,   223.02,   353.81
  228.85,   219.63,   478.77
  229.22,   216.58,   603.71
  230.77,   346.93,   357.11
  231.43,   343.48,   481.98
  231.45,   340.61,   607.18
  350.03,    95.51,   349.49
  350.71,    91.75,   474.46
  351.13,    87.78,   599.23
  352.78,   220.38,   353.37
  353.17,   216.38,   478.15
  353.12,   212.61,   602.44
  355.67,   344.63,   356.56
  356.05,   340.94,   481.18
  356.00,   337.15,   606.30
   98.11,   101.01,   474.46
   97.84,   103.66,   599.68
   97.99,   106.88,   725.06
   96.11,   226.46,   472.48
   96.13,   228.90,   597.80
   96.71,   231.50,   723.16
   94.97,   351.30,   470.21
   94.91,   353.64,   595.36
   94.52,   356.13,   720.58
  223.50,   104.29,   474.97
  222.97,   106.05,   599.92
  222.56,   108.25,   724.68
  222.01,   228.80,   472.73
  221.63,   231.55,   597.76
  220.92,   234.41,   722.72
  220.18,   352.68,   470.18
  219.45,   355.53,   595.42
  218.40,   358.47,   720.83
  348.37,   105.42,   475.14
  347.84,   107.29,   599.75
  347.24,   109.39,   724.02
  346.43,   230.11,   472.94
  345.60,   232.13,   597.35
  344.73,   234.32,   721.75
  344.85,   354.67,   470.22
  344.04,   356.73,   595.45
  343.14,   358.67,   721.13
   98.67,    98.33,   599.58
  101.33,   102.75,   724.95
  103.44,   105.80,   850.35
   98.42,   223.57,   596.63
  101.63,   227.48,   721.94
  104.21,   230.91,   847.40
   98.74,   348.33,   592.95
  100.92,   352.12,   718.15
  102.98,   355.51,   842.93
  223.71,    99.02,   597.29
  225.93,   102.37,   721.97
  228.39,   106.18,   847.18
  223.96,   224.61,   593.95
  225.82,   228.60,   718.81
  228.38,   231.92,   843.50
  223.32,   348.58,   590.42
  224.87,   352.68,   715.78
  227.14,   355.84,   840.52
  348.70,    98.75,   594.61
  350.71,   101.99,   718.89
  353.46,   105.50,   843.75
  347.92,   223.60,   591.00
  349.65,   226.91,   715.25
  352.05,   230.34,   839.91
  347.89,   348.18,   587.83
  349.60,   351.27,   713.39
  351.89,   354.37,   838.57
  100.40,   225.94,    98.32
  100.91,   224.86,   223.66
  101.61,   223.70,   348.69
   99.69,   351.00,    99.89
  100.68,   349.58,   224.79
  101.71,   348.37,   349.75
   99.12,   475.86,   101.44
  100.42,   474.27,   226.02
  102.12,   473.28,   350.76
  225.32,   226.17,    97.27
  226.08,   225.29,   222.71
  226.97,   224.12,   347.92
  224.30,   351.31,    99.06
  225.35,   349.68,   223.99
  226.90,   348.12,   348.70
  223.59,   476.13,   100.53
  224.76,   474.13,   225.18
  226.95,   472.63,   349.57
  349.42,   226.45,    97.10
  350.42,   225.74,   221.90
  351.72,   224.24,   347.10
  349.46,   350.95,    98.39
  350.56,   349.68,   223.34
  351.85,   348.52,   347.79
  349.52,   475.75,    99.49
  350.56,   474.13,   224.63
  351.68,   473.26,   348.59
  101.83,   226.56,   224.33
  100.39,   224.30,   349.34
   98.96,   222.12,   474.54
   98.09,   351.20,   226.53
   96.97,   348.95,   351.48
   96.01,   346.90,   476.53
   94.41,   475.86,   228.82
   93.87,   473.90,   353.58
   92.80,   471.73,   478.83
  226.91,   230.47,   225.59
  225.72,   228.19,   350.76
  224.81,   226.24,   475.75
  222.68,   354.76,   227.91
  222.12,   352.11,   352.59
  221.17,   350.10,   477.48
  218.59,   479.16,   230.12
  218.71,   476.58,   354.52
  218.11,   474.57,   479.39
  351.26,   234.37,   226.97
  350.43,   231.78,   352.11
  349.16,   229.27,   476.90
  347.87,   358.23,   229.45
  347.03,   356.00,   353.83
  345.79,   353.81,   478.46
  344.28,   482.69,   231.74
  343.31,   480.71,   355.69
  342.10,   478.76,   480.32
  101.48,   224.07,   347.93
  104.36,   222.43,   473.12
  107.71,   221.17,   598.50
   99.56,   348.74,   349.65
  102.88,   347.16,   474.66
  106.16,   345.88,   599.78
   97.96,   473.67,   351.31
  101.28,   471.96,   476.50
  104.12,   470.23,   601.67
  226.79,   226.52,   345.05
  230.16,   225.05,   470.00
  233.15,   223.94,   594.93
  224.69,   350.50,   346.47
  228.03,   348.95,   471.31
  230.67,   347.98,   596.50
  222.74,   474.99,   347.99
  226.44,   473.47,   472.77
  228.76,   472.26,   598.18
  351.49,   228.70,   342.09
  354.51,   226.64,   466.90
  357.07,   224.77,   591.25
  349.60,   352.94,   343.45
  352.65,   351.25,   468.00
  355.24,   349.45,   593.15
  347.40,   477.66,   344.91
  350.44,   476.26,   469.41
  353.28,   474.49,   595.22
   99.17,   226.66,   475.20
   96.42,   228.48,   600.49
   94.25,   230.41,   725.80
   97.87,   351.46,   473.47
   95.05,   353.23,   598.60
   91.92,   355.05,   723.80
   96.36,   476.31,   472.02
   93.07,   477.72,   597.25
   89.71,   479.55,   721.88
  225.02,   229.17,   478.20
  221.85,   231.34,   603.20
  218.42,   233.60,   728.16
  223.02,   353.07,   476.21
  219.50,   355.33,   601.44
  215.72,   357.69,   726.81
  221.61,   477.60,   474.40
  217.79,   479.59,   599.80
  213.54,   481.43,   725.09
  349.35,   230.61,   481.15
  345.75,   232.07,   605.52
  342.16,   233.71,   729.91
  347.64,   355.22,   479.00
  344.05,   356.66,   604.26
  340.39,   358.03,   729.90
  345.58,   480.23,   477.14
  342.26,   481.66,   603.02
  339.06,   482.83,   729.39
  100.33,   227.47,   598.90
  103.39,   228.25,   724.27
  105.86,   228.53,   849.76
   98.64,   352.20,   598.40
  100.68,   352.87,   723.63
  102.66,   353.08,   848.45
   96.39,   476.65,   598.47
   98.13,   477.20,   723.07
   99.85,   477.57,   847.25
  225.79,   230.48,   596.31
  227.53,   231.35,   721.22
  230.01,   231.51,   845.95
  223.15,   354.49,   595.99
  224.59,   355.46,   721.40
  226.82,   355.45,   846.12
  221.13,   478.78,   595.79
  222.13,   479.26,   721.21
  224.42,   479.34,   845.83
  349.73,   231.49,   593.48
  351.35,   231.67,   717.82
  353.66,   231.97,   842.51
  347.73,   356.12,   593.54
  349.33,   356.07,   719.20
  351.54,   356.05,   844.34
  345.61,   481.16,   593.69
  347.69,   480.95,   720.17
  350.27,   480.90,   845.68
   99.68,   350.88,   100.29
   98.44,   347.32,   225.16
   97.18,   344.02,   350.10
  101.35,   475.68,   104.02
  100.46,   471.96,   228.55
   99.89,   468.86,   353.27
  103.68,   600.13,   107.39
  102.83,   596.59,   231.91
  102.41,   593.73,   356.67
  224.27,   348.87,   101.64
  223.10,   345.11,   226.53
  222.37,   341.43,   351.23
  225.83,   473.60,   105.28
  224.81,   469.48,   229.88
  224.74,   465.84,   354.24
  228.07,   598.00,   108.40
  227.19,   594.24,   233.01
  227.14,   591.06,   357.68
  349.38,   346.19,   103.19
  348.26,   342.83,   228.05
  347.30,   339.50,   352.50
  351.75,   470.86,   106.51
  350.55,   467.16,   231.50
  349.44,   464.15,   355.42
  354.06,   596.16,   109.58
  352.69,   592.65,   234.51
  351.09,   589.62,   358.70
   99.88,   350.72,   223.01
  101.62,   348.33,   347.94
  103.50,   346.16,   472.98
   97.08,   475.38,   225.47
   99.45,   473.23,   350.19
  101.33,   470.94,   475.39
   94.64,   600.07,   227.93
   97.04,   598.17,   352.67
   98.90,   596.10,   477.72
  224.48,   353.42,   221.54
  226.76,   350.66,   346.22
  228.67,   348.51,   471.08
  221.31,   477.83,   223.94
  224.24,   475.14,   348.32
  226.51,   473.02,   473.12
  218.86,   602.56,   226.11
  221.80,   600.38,   350.85
  223.97,   598.42,   475.86
  349.68,   355.99,   220.25
  351.69,   353.67,   344.64
  353.31,   351.37,   469.22
  347.07,   480.44,   222.73
  348.92,   478.37,   346.68
  350.52,   476.36,   471.21
  344.33,   606.01,   224.73
  345.72,   603.90,   349.05
  347.23,   601.85,   473.79
   98.57,   349.90,   349.44
   99.94,   347.31,   474.47
  101.29,   344.96,   599.60
   96.06,   474.82,   352.11
   97.38,   472.11,   477.32
   98.31,   469.32,   602.52
   93.27,   599.75,   354.99
   94.57,   597.25,   480.03
   95.41,   594.32,   604.96
  223.72,   352.53,   348.23
  225.11,   349.98,   473.10
  225.81,   348.03,   598.32
  220.88,   477.00,   350.75
  222.62,   474.47,   475.57
  222.97,   472.25,   600.99
  218.11,   602.24,   353.72
  219.75,   599.86,   478.74
  220.40,   597.27,   603.75
  348.65,   355.88,   347.17
  349.75,   353.17,   471.76
  350.38,   350.37,   596.96
  345.53,   480.58,   349.62
  346.63,   478.13,   474.18
  347.52,   475.34,   600.04
  341.98,   606.10,   352.42
  343.01,   603.61,   477.20
  344.46,   600.91,   602.80
   98.48,   348.17,   473.10
   96.76,   350.70,   598.23
   94.72,   353.32,   723.45
  100.17,   472.96,   470.94
   97.98,   475.15,   596.18
   95.62,   477.77,   720.81
  101.67,   598.08,   468.72
   99.37,   600.22,   593.64
   96.85,   602.15,   718.25
  223.66,   346.64,   474.80
  221.27,   349.65,   600.01
  218.61,   352.73,   725.39
  225.37,   471.14,   472.27
  222.69,   473.87,   597.69
  219.57,   476.46,   723.07
  226.68,   596.56,   470.43
  224.32,   598.97,   595.50
  221.51,   600.98,   720.38
  348.31,   345.61,   476.54
  345.83,   347.79,   601.73
  343.28,   349.89,   727.31
  349.43,   470.61,   473.96
  347.21,   472.77,   599.81
  345.12,   474.65,   726.23
  349.98,   596.12,   471.94
  348.33,   598.39,   597.57
  347.06,   600.49,   723.58
   99.31,   351.78,   601.48
   98.39,   353.61,   726.72
   97.38,   354.97,   851.52
   98.10,   476.21,   600.26
   96.87,   477.99,   724.88
   95.63,   479.56,   849.11
   97.03,   601.30,   598.54
   95.68,   602.37,   723.19
   94.52,   603.67,   847.98
  223.82,   353.08,   602.07
  222.29,   355.27,   727.48
  221.61,   356.43,   852.14
  222.81,   477.35,   600.59
  220.85,   479.05,   725.99
  220.22,   480.35,   850.51
  222.02,   602.46,   599.22
  220.37,   603.58,   724.10
  219.69,   604.79,   849.34
  348.42,   353.63,   602.61
  347.04,   354.83,   728.27
  346.34,   356.08,   853.32
  347.36,   478.66,   601.54
  346.46,   479.68,   728.00
  346.06,   480.91,   853.34
  346.06,   604.31,   600.11
  345.97,   605.56,   726.11
  345.98,   606.81,   851.95
   98.95,   473.50,   101.67
   97.90,   472.62,   226.26
   97.16,   472.40,   351.02
   96.17,   598.05,   102.19
   95.12,   597.33,   226.76
   94.40,   597.35,   351.53
   93.83,   722.56,   102.27
   92.20,   722.00,   227.42
   91.23,   722.30,   352.24
  223.36,   476.64,   103.16
  222.17,   475.35,   227.79
  222.00,   474.55,   352.19
  220.43,   601.07,   103.40
  219.36,   600.11,   228.01
  219.22,   599.81,   352.78
  218.36,   725.38,   103.30
  217.40,   724.94,   228.31
  216.28,   725.55,   353.75
  349.26,   479.15,   104.57
  347.90,   478.26,   229.62
  346.64,   478.09,   353.58
  346.31,   604.48,   104.72
  344.81,   603.83,   229.69
  343.11,   603.62,   354.02
  343.23,   730.06,   104.81
  341.67,   730.01,   229.51
  339.51,   729.48,   354.74
   97.93,   472.60,   225.68
   98.90,   475.83,   350.40
   99.35,   478.93,   475.61
   96.39,   597.28,   222.74
   97.41,   600.73,   347.48
   97.86,   604.08,   472.51
   94.78,   721.88,   219.94
   95.54,   725.67,   344.80
   95.90,   729.29,   469.59
  222.23,   474.07,   225.49
  223.73,   476.73,   349.85
  224.59,   479.99,   474.66
  220.65,   598.81,   222.28
  222.19,   601.98,   347.00
  222.95,   605.43,   472.04
  219.96,   723.60,   219.08
  220.54,   727.66,   344.49
  220.75,   731.52,   469.58
  348.00,   475.69,   225.60
  348.42,   478.99,   349.53
  348.58,   482.35,   474.08
  346.22,   601.22,   222.25
  346.17,   604.52,   346.53
  346.23,   607.85,   471.28
  344.37,   727.42,   218.58
  343.85,   730.40,   343.75
  343.86,   733.38,   468.87
  100.97,   473.77,   348.99
  102.23,   473.52,   474.22
  102.99,   473.23,   599.46
  104.82,   598.61,   349.38
  106.12,   598.61,   474.47
  106.78,   598.21,   599.40
  108.37,   723.61,   350.06
  109.48,   723.93,   474.95
  110.27,   723.26,   599.70
  225.74,   469.46,   347.72
  227.36,   469.36,   472.54
  227.62,   469.58,   598.00
  229.45,   594.69,   348.13
  230.99,   594.76,   473.15
  231.57,   594.66,   598.27
  232.99,   720.47,   348.89
  234.00,   720.85,   474.00
  235.00,   720.27,   598.50
  350.45,   466.43,   346.68
  351.40,   466.43,   471.23
  352.15,   466.08,   597.08
  353.47,   591.92,   346.93
  354.28,   591.92,   471.65
  355.58,   591.67,   597.35
  356.28,   717.84,   347.42
  357.07,   717.44,   472.51
  358.90,   717.37,   597.34
  102.65,   473.27,   475.55
   99.90,   475.56,   600.77
   96.99,   478.27,   725.36
  101.08,   598.43,   473.21
   98.25,   600.62,   598.11
   95.21,   602.63,   722.72
   99.03,   723.70,   471.02
   96.33,   725.68,   595.82
   93.54,   727.06,   720.94
  227.80,   474.55,   477.35
  224.55,   477.34,   602.78
  220.93,   479.95,   728.13
  226.08,   599.97,   475.41
  223.18,   602.42,   600.44
  219.87,   604.46,   725.28
  223.78,   726.06,   473.68
  221.25,   727.99,   598.11
  218.65,   729.45,   722.78
  351.80,   477.07,   479.51
  349.09,   479.27,   605.42
  346.54,   481.21,   731.84
  349.34,   602.57,   477.40
  347.22,   604.91,   603.01
  345.46,   607.09,   728.95
  346.87,   728.11,   475.69
  345.21,   730.59,   600.36
  344.11,   733.15,   725.07
  101.66,   475.02,   601.46
   97.96,   476.55,   726.05
   94.33,   477.82,   850.28
  102.97,   600.07,   600.07
   99.10,   600.88,   724.65
   95.54,   601.94,   849.42
  104.00,   725.14,   599.06
  100.38,   725.29,   724.11
   97.17,   726.07,   849.50
  226.26,   473.86,   604.29
  221.90,   475.29,   729.66
  218.89,   476.31,   854.07
  227.81,   598.96,   603.22
  223.74,   599.81,   728.10
  220.69,   600.75,   853.26
  228.81,   724.57,   602.11
  225.52,   724.88,   726.81
  223.11,   725.85,   852.80
  350.82,   472.81,   607.74
  347.48,   473.53,   734.15
  344.63,   474.53,   859.30
  351.88,   598.47,   606.63
  349.38,   599.41,   732.66
  346.91,   600.38,   858.38
  352.81,   724.22,   605.20
  351.01,   725.61,   730.02
  348.88,   726.62,   856.23
  100.39,   601.36,   101.44
   99.25,   602.19,   226.00
   98.54,   603.79,   350.78
  104.31,   725.71,    99.94
  102.68,   726.71,   225.13
  101.74,   728.74,   350.06
  107.92,   850.39,    98.20
  106.08,   851.91,   224.14
  104.54,   854.33,   349.31
  224.71,   598.18,   102.77
  223.53,   598.80,   227.38
  223.28,   600.08,   352.12
  228.86,   722.58,   101.17
  227.80,   723.73,   226.10
  226.53,   725.85,   351.54
  233.30,   847.33,    99.79
  231.94,   848.67,   225.22
  229.43,   851.17,   350.82
  350.61,   595.28,   104.21
  349.02,   596.20,   229.20
  347.21,   597.61,   353.46
  353.78,   720.95,   102.82
  352.09,   722.49,   227.50
  349.78,   723.50,   352.64
  356.90,   846.04,   101.55
  355.31,   847.87,   225.91
  353.15,   848.38,   351.71
  100.04,   600.02,   226.44
   99.79,   597.15,   351.18
   98.89,   594.14,   476.23
  101.81,   724.58,   230.00
  101.31,   722.13,   354.87
  100.31,   719.36,   479.65
  103.45,   849.85,   233.46
  102.42,   847.72,   358.55
  101.05,   844.60,   483.47
  224.37,   598.28,   227.32
  224.55,   595.08,   352.01
  223.99,   592.11,   476.99
  226.96,   723.21,   230.48
  226.13,   720.87,   355.87
  225.07,   718.19,   480.89
  229.34,   848.17,   234.09
  227.33,   846.28,   359.59
  225.98,   843.66,   484.09
  349.91,   597.34,   228.62
  348.54,   594.26,   352.85
  347.33,   591.22,   477.58
  351.26,   723.61,   231.35
  349.40,   720.14,   356.45
  348.21,   716.78,   481.47
  352.82,   848.91,   234.23
  351.04,   845.02,   360.02
  349.78,   841.39,   485.29
  101.78,   601.40,   349.86
  102.16,   599.89,   474.92
  101.95,   597.96,   599.86
   99.54,   726.44,   352.04
   99.78,   725.18,   476.86
   99.73,   723.01,   601.68
   96.88,   852.06,   354.16
   96.77,   850.42,   479.15
   96.79,   847.82,   604.18
  226.50,   603.16,   349.54
  227.15,   601.72,   474.57
  226.86,   600.07,   599.64
  224.41,   728.93,   351.90
  224.53,   727.82,   476.96
  224.62,   725.63,   601.41
  221.91,   854.26,   354.12
  221.70,   853.19,   478.64
  221.94,   850.75,   602.80
  350.45,   606.13,   349.24
  350.42,   604.58,   474.00
  350.90,   602.81,   599.63
  347.67,   732.01,   351.33
  347.65,   730.10,   476.43
  348.61,   728.50,   601.12
  345.75,   856.74,   353.35
  345.65,   854.60,   478.70
  346.56,   853.09,   602.70
   99.91,   598.49,   474.33
  101.03,   599.64,   599.26
  101.84,   600.61,   723.85
  103.08,   723.73,   473.18
  104.31,   724.66,   597.98
  105.35,   724.98,   723.01
  105.55,   849.05,   472.35
  106.81,   849.52,   597.27
  108.89,   850.00,   722.25
  224.94,   594.75,   472.66
  225.92,   596.24,   597.75
  226.51,   597.32,   722.70
  227.74,   720.84,   471.93
  229.12,   721.84,   596.41
  230.50,   722.41,   721.09
  230.37,   846.27,   470.55
  231.89,   847.02,   594.66
  234.11,   847.45,   719.29
  348.24,   592.11,   470.78
  349.92,   593.46,   596.44
  352.05,   594.61,   722.55
  350.81,   717.67,   470.05
  353.00,   719.16,   594.86
  355.85,   720.80,   719.71
  354.13,   842.25,   469.28
  356.34,   843.80,   593.43
  359.30,   845.70,   717.07
  101.41,   599.84,   601.50
  102.31,   602.82,   726.04
  103.49,   606.05,   850.79
  104.78,   724.83,   598.20
  105.91,   727.16,   723.21
  107.53,   730.14,   848.68
  107.34,   849.67,   595.46
  109.51,   852.16,   720.39
  112.12,   855.58,   845.63
  226.29,   596.35,   599.95
  226.99,   599.45,   724.87
  228.73,   602.61,   850.11
  229.57,   721.91,   596.60
  231.06,   724.51,   721.24
  233.45,   727.74,   847.19
  232.42,   847.07,   592.84
  234.72,   849.51,   717.39
  238.10,   853.13,   842.73
  350.31,   593.47,   598.63
  352.55,   596.66,   724.69
  354.93,   599.88,   850.51
  353.46,   719.13,   595.01
  356.40,   722.81,   719.80
  359.16,   726.14,   845.86
  356.85,   843.72,   591.58
  359.90,   847.62,   715.16
  362.56,   851.19,   840.71
  226.24,    99.38,   100.91
  224.87,   100.04,   226.24
  223.82,   100.58,   351.42
  225.81,   224.48,   100.64
  224.51,   224.93,   226.10
  223.36,   225.11,   351.30
  224.40,   349.60,   101.06
  223.40,   349.32,   226.00
  222.89,   349.11,   350.71
  350.76,    99.79,   102.68
  349.62,   100.33,   227.57
  348.48,   100.71,   352.61
  349.88,   225.17,   102.50
  348.87,   225.75,   227.33
  348.12,   225.60,   352.53
  349.54,   349.61,   102.47
  348.61,   349.70,   227.39
  347.85,   349.89,   351.83
  475.14,   100.54,   103.99
  474.33,   100.62,   228.71
  473.14,   100.59,   353.77
  474.34,   225.75,   104.02
  473.39,   226.11,   228.53
  472.74,   225.91,   353.48
  475.02,   349.80,   103.70
  473.84,   350.18,   228.60
  472.67,   350.68,   352.76
  227.15,   101.50,   224.57
  229.84,    98.82,   349.68
  232.43,    96.03,   474.88
  224.99,   226.32,   227.68
  227.61,   223.33,   352.83
  230.54,   220.64,   477.78
  222.13,   350.63,   230.82
  225.39,   347.26,   355.48
  228.22,   344.51,   480.34
  351.82,   103.66,   222.19
  354.44,   100.77,   347.17
  357.25,    97.65,   472.14
  349.32,   228.98,   225.22
  352.31,   225.63,   350.35
  354.85,   222.33,   475.12
  347.29,   352.86,   228.53
  350.28,   349.88,   352.91
  352.85,   346.93,   477.49
  476.43,   105.85,   219.62
  479.08,   102.53,   344.65
  481.57,    99.31,   469.47
  473.81,   231.17,   222.73
  476.89,   227.81,   347.59
  479.68,   224.17,   472.34
  472.51,   355.16,   226.06
  475.06,   352.49,   350.14
  477.59,   349.44,   474.64
  225.80,   101.44,   349.40
  223.76,   103.43,   474.64
  221.54,   104.86,   599.59
  224.75,   225.95,   347.72
  223.03,   227.96,   472.70
  220.97,   230.40,   597.72
  223.68,   349.94,   345.59
  221.95,   351.85,   470.45
  219.54,   354.39,   595.67
  350.43,   102.18,   351.47
  348.63,   103.82,   476.51
  346.43,   105.39,   601.12
  349.49,   227.06,   349.82
  347.43,   228.52,   474.61
  344.92,   230.26,   599.00
  348.64,   351.33,   347.59
  346.61,   353.11,   472.18
  344.11,   354.85,   597.41
  475.08,   102.69,   353.51
  472.97,   104.19,   478.37
  471.00,   105.78,   602.91
  474.10,   227.99,   351.64
  472.23,   229.11,   476.40
  469.94,   230.31,   600.92
  473.45,   352.73,   349.39
  471.34,   354.43,   473.90
  469.25,   355.63,   599.35
  225.39,   100.59,   477.11
  223.15,   100.78,   602.06
  221.07,   101.48,   726.82
  229.20,   225.14,   476.44
  227.09,   226.38,   601.43
  224.70,   227.70,   726.37
  232.61,   349.01,   475.43
  230.14,   350.35,   600.68
  227.43,   351.77,   726.08
  350.24,    96.46,   478.97
  348.09,    96.81,   603.68
  345.87,    97.38,   728.10
  353.50,   221.12,   478.40
  350.97,   221.64,   602.74
  348.46,   222.36,   727.05
  357.19,   345.72,   477.22
  354.68,   346.20,   602.43
  352.11,   346.62,   728.01
  474.47,    92.38,   480.83
  472.63,    92.81,   605.52
  470.88,    93.71,   730.11
  478.29,   217.14,   480.26
  476.00,   217.19,   604.74
  473.46,   217.75,   729.04
  481.93,   342.44,   479.01
  479.86,   342.41,   604.44
  477.77,   342.29,   730.33
  226.19,   102.19,   599.84
  228.74,   105.16,   724.51
  231.59,   108.56,   849.70
  226.83,   227.73,   596.85
  229.02,   231.34,   721.70
  231.95,   234.24,   846.38
  226.62,   351.71,   593.71
  228.52,   355.40,   719.08
  231.18,   358.14,   843.80
  351.11,   101.41,   596.79
  353.48,   104.30,   721.05
  356.60,   107.44,   845.92
  350.78,   226.24,   593.55
  352.87,   229.17,   717.82
  355.63,   232.21,   842.50
  351.21,   350.86,   590.78
  353.29,   353.53,   716.39
  355.96,   356.25,   841.56
  475.66,   100.56,   593.98
  478.41,   103.70,   718.37
  481.23,   107.03,   843.12
  475.86,   225.06,   590.89
  478.02,   227.81,   715.28
  480.21,   231.18,   840.07
  476.36,   350.40,   588.07
  479.03,   352.54,   714.05
  481.67,   355.22,   839.52
  223.90,   224.23,    97.98
  221.98,   222.43,   223.41
  220.18,   220.38,   348.61
  226.40,   349.31,   100.74
  224.79,   346.78,   225.65
  223.64,   344.32,   350.35
  229.23,   474.04,   103.16
  227.74,   471.15,   227.80
  227.24,   468.75,   352.16
  347.92,   220.99,   100.41
  346.27,   219.35,   225.21
  344.88,   216.94,   350.42
  351.48,   345.39,   102.71
  349.92,   343.25,   227.59
  348.53,   341.16,   352.06
  355.13,   470.05,   104.81
  353.48,   467.59,   229.85
  351.91,   465.82,   353.78
  472.27,   217.67,   102.52
  470.69,   215.78,   226.99
  469.43,   213.28,   351.97
  476.83,   341.67,   104.52
  475.02,   339.80,   229.34
  473.28,   337.98,   353.56
  481.22,   466.27,   106.55
  479.22,   464.27,   231.69
  476.71,   462.91,   355.31
  225.64,   224.57,   224.66
  229.20,   222.98,   349.82
  233.09,   221.67,   474.76
  222.54,   348.93,   226.43
  226.75,   346.94,   351.10
  230.57,   345.56,   475.93
  219.57,   473.35,   228.11
  224.45,   471.41,   352.47
  228.61,   470.06,   477.25
  349.91,   227.44,   221.20
  353.87,   225.50,   346.34
  357.39,   223.58,   471.12
  347.66,   351.34,   223.16
  351.62,   349.75,   347.54
  355.17,   348.21,   472.10
  345.24,   475.77,   224.93
  349.07,   474.46,   348.85
  352.60,   473.21,   473.37
  474.36,   229.82,   217.74
  478.41,   227.87,   342.60
  482.20,   225.65,   467.35
  472.86,   353.81,   219.72
  476.39,   352.55,   343.81
  479.88,   350.94,   468.26
  471.09,   478.39,   221.60
  473.89,   477.52,   345.19
  476.99,   476.40,   469.58
  224.51,   225.84,   350.81
  222.19,   225.69,   475.79
  219.51,   225.97,   600.83
  225.68,   349.83,   350.88
  223.30,   349.61,   475.76
  220.26,   350.01,   601.00
  226.98,   474.35,   351.05
  224.98,   474.15,   475.88
  221.61,   474.26,   601.31
  349.24,   224.68,   353.53
  346.55,   223.99,   478.32
  343.44,   223.57,   602.69
  350.60,   348.99,   353.49
  347.93,   348.59,   478.12
  344.80,   348.15,   603.33
  351.66,   473.75,   353.58
  349.00,   473.61,   478.18
  346.14,   473.13,   604.08
  473.83,   223.35,   355.97
  471.33,   222.28,   480.75
  468.41,   221.33,   605.21
  475.38,   348.13,   355.90
  472.67,   347.61,   480.47
  469.96,   346.59,   605.91
  476.47,   473.16,   356.03
  473.43,   473.12,   480.60
  471.17,   472.31,   606.75
  224.76,   224.81,   475.71
  221.09,   227.14,   600.69
  217.16,   229.59,   725.64
  221.83,   348.68,   473.50
  217.83,   351.13,   598.70
  213.55,   353.71,   724.04
  219.49,   473.16,   471.45
  215.18,   475.35,   596.82
  210.40,   477.42,   722.09
  349.06,   227.18,   479.17
  344.96,   228.82,   603.51
  340.85,   230.67,   727.87
  346.42,   351.75,   476.80
  342.32,   353.39,   602.00
  338.13,   354.98,   727.59
  343.46,   476.71,   474.69
  339.61,   478.35,   600.52
  335.83,   479.73,   726.85
  473.82,   229.59,   482.52
  469.92,   230.70,   607.00
  465.80,   232.28,   731.37
  471.09,   354.91,   480.08
  467.41,   355.98,   605.54
  463.77,   356.89,   731.53
  467.77,   480.37,   478.06
  464.51,   481.66,   604.16
  461.86,   482.45,   731.08
  226.37,   225.40,   598.72
  222.30,   225.48,   723.64
  219.03,   224.89,   848.42
  227.83,   349.43,   599.23
  223.45,   349.63,   724.59
  219.87,   348.83,   849.25
  229.87,   473.71,   599.87
  225.05,   473.38,   725.28
  221.52,   472.67,   849.74
  350.24,   222.25,   601.70
  346.04,   221.74,   725.97
  342.66,   221.32,   850.68
  352.34,   346.85,   602.65
  348.07,   346.05,   728.17
  344.47,   345.32,   853.11
  354.38,   471.88,   603.73
  350.60,   470.82,   730.14
  347.25,   470.02,   855.35
  475.25,   219.35,   605.34
  471.01,   218.65,   729.60
  466.96,   218.52,   854.39
  477.50,   344.61,   606.33
  473.71,   343.22,   732.17
  469.84,   342.56,   857.30
  479.42,   470.34,   607.47
  476.65,   468.69,   734.38
  473.34,   467.70,   859.86
  223.86,   352.16,    99.81
  220.46,   351.38,   224.69
  217.57,   350.66,   349.35
  225.82,   476.95,   100.48
  222.53,   475.82,   225.09
  220.30,   475.17,   349.44
  228.49,   601.41,   100.66
  225.29,   600.60,   225.25
  223.06,   600.45,   349.96
  348.94,   349.12,   103.60
  345.61,   348.72,   228.46
  342.47,   348.40,   352.87
  351.69,   473.86,   103.93
  348.25,   473.14,   228.95
  344.95,   473.12,   352.87
  354.36,   599.21,   104.04
  350.78,   598.71,   229.00
  346.98,   598.67,   353.23
  474.31,   346.27,   107.24
  470.74,   346.17,   232.04
  467.21,   346.14,   356.20
  477.78,   470.95,   107.52
  474.01,   470.72,   232.62
  469.71,   471.13,   356.22
  480.29,   596.73,   107.68
  476.55,   596.50,   232.68
  471.52,   596.60,   356.59
  224.39,   351.77,   224.43
  224.50,   354.17,   349.09
  224.25,   357.19,   473.94
  225.36,   476.21,   221.64
  226.11,   478.69,   346.01
  226.26,   481.75,   470.79
  227.01,   600.98,   218.61
  227.75,   603.97,   343.32
  227.78,   607.23,   468.35
  349.61,   350.20,   225.26
  349.45,   353.02,   349.66
  348.90,   355.90,   474.24
  351.18,   474.62,   222.58
  350.84,   477.74,   346.51
  350.26,   480.92,   471.03
  352.65,   600.19,   219.42
  351.79,   603.30,   343.68
  351.06,   606.45,   468.40
  474.83,   348.73,   225.90
  474.27,   351.85,   350.03
  473.65,   354.66,   474.54
  477.07,   473.26,   223.33
  475.73,   476.82,   346.93
  474.70,   480.13,   471.38
  478.59,   599.06,   220.18
  476.53,   602.29,   344.13
  475.15,   605.41,   468.75
  223.31,   349.14,   351.52
  223.55,   350.60,   476.41
  223.11,   352.67,   601.67
  226.07,   473.63,   349.98
  226.68,   475.12,   474.81
  225.93,   476.91,   600.27
  228.83,   598.91,   348.86
  229.35,   600.57,   473.90
  228.96,   602.03,   598.98
  348.24,   346.85,   351.56
  348.19,   348.13,   476.19
  347.68,   349.37,   601.41
  350.77,   471.55,   349.95
  350.71,   473.14,   474.53
  350.47,   474.36,   600.42
  352.83,   597.09,   348.68
  352.65,   598.66,   473.43
  352.98,   600.00,   599.10
  473.03,   344.53,   351.41
  472.94,   345.71,   475.96
  472.86,   346.40,   601.39
  475.63,   469.49,   349.84
  475.16,   471.19,   474.35
  475.48,   472.12,   600.44
  477.55,   594.95,   348.59
  476.76,   596.51,   473.25
  477.62,   597.78,   599.09
  226.93,   351.29,   474.43
  226.72,   355.51,   599.64
  226.21,   359.77,   725.03
  230.16,   475.78,   470.63
  229.71,   479.74,   596.05
  228.82,   483.50,   721.49
  232.93,   601.19,   467.53
  232.82,   604.86,   592.60
  232.35,   608.12,   717.52
  351.56,   348.72,   474.03
  351.31,   352.11,   599.21
  351.00,   355.39,   724.86
  354.18,   473.69,   470.17
  354.20,   477.11,   596.00
  354.43,   480.21,   722.48
  356.21,   599.16,   466.88
  356.78,   602.71,   592.47
  357.86,   606.12,   718.49
  476.31,   346.18,   473.62
  476.49,   349.08,   599.00
  476.73,   351.81,   724.99
  478.65,   471.61,   469.80
  479.19,   474.77,   595.81
  480.43,   477.35,   722.76
  480.37,   596.88,   466.52
  481.37,   600.35,   592.25
  483.42,   603.73,   718.69
  225.12,   348.46,   600.72
  223.34,   348.29,   726.12
  222.36,   347.07,   850.82
  226.62,   472.72,   601.68
  224.39,   472.03,   727.13
  223.49,   470.93,   851.65
  228.37,   597.83,   602.73
  226.45,   596.56,   727.70
  225.55,   595.38,   852.90
  349.69,   346.41,   601.53
  348.01,   345.23,   727.09
  346.99,   344.10,   852.09
  351.20,   471.42,   602.92
  350.00,   470.00,   729.38
  349.26,   468.82,   854.67
  352.47,   597.06,   603.96
  352.11,   595.86,   730.08
  351.80,   594.69,   855.89
  474.90,   344.71,   602.59
  473.71,   342.95,   728.48
  472.45,   341.90,   853.71
  476.26,   470.43,   604.03
  476.09,   468.43,   730.99
  475.43,   467.04,   856.60
  477.17,   596.13,   605.04
  477.86,   594.88,   731.65
  477.66,   593.59,   857.65
  225.88,   475.56,   102.32
  229.75,   473.81,   226.94
  234.58,   472.59,   351.26
  228.59,   600.02,   102.96
  232.55,   598.64,   227.56
  237.33,   597.91,   352.22
  232.09,   724.46,   103.27
  236.13,   723.68,   228.16
  239.88,   723.75,   353.53
  351.74,   472.50,    98.59
  355.47,   471.13,   223.71
  359.23,   470.55,   347.61
  354.47,   597.82,    99.20
  358.07,   596.71,   224.21
  361.27,   596.10,   348.40
  356.95,   723.48,    99.78
  360.42,   723.08,   224.39
  363.13,   722.01,   349.44
  477.76,   469.60,    94.86
  481.28,   468.63,   220.30
  484.08,   468.45,   343.89
  480.27,   595.31,    95.58
  483.95,   594.41,   220.81
  486.05,   593.91,   344.70
  482.04,   721.48,    96.43
  485.66,   721.07,   221.05
  487.68,   719.46,   345.73
  225.36,   474.56,   224.98
  222.94,   476.55,   349.30
  219.93,   479.10,   474.09
  228.86,   599.33,   222.55
  226.45,   601.80,   347.22
  223.34,   604.53,   472.22
  233.21,   724.27,   220.08
  229.80,   727.53,   345.47
  226.15,   730.62,   470.52
  351.07,   471.18,   229.08
  347.57,   473.80,   352.96
  343.86,   476.43,   477.51
  354.39,   596.71,   226.54
  350.37,   599.31,   350.74
  346.56,   601.94,   475.46
  357.50,   723.03,   223.68
  353.02,   725.20,   348.74
  349.20,   727.46,   473.80
  476.78,   468.05,   232.97
  472.31,   471.10,   356.54
  468.20,   473.83,   481.06
  480.16,   593.76,   230.46
  474.94,   596.52,   354.33
  470.53,   599.13,   478.99
  482.63,   720.35,   227.69
  477.31,   722.00,   352.36
  473.21,   723.82,   477.35
  226.60,   474.80,   349.80
  228.43,   475.86,   474.62
  228.91,   477.21,   600.09
  226.91,   600.11,   349.12
  228.64,   601.34,   474.16
  229.46,   602.37,   599.23
  227.07,   725.89,   348.80
  228.27,   727.47,   473.88
  229.47,   728.00,   598.34
  351.31,   475.19,   348.53
  352.47,   476.36,   473.09
  353.47,   477.15,   598.99
  350.91,   600.77,   347.70
  351.94,   601.90,   472.45
  353.50,   602.82,   598.09
  350.38,   726.71,   347.10
  351.39,   727.46,   472.21
  353.43,   728.53,   596.94
  476.20,   475.60,   347.19
  476.93,   476.89,   471.66
  478.49,   477.42,   597.73
  475.63,   601.11,   346.37
  476.04,   602.22,   471.03
  478.11,   603.07,   596.81
  474.77,   726.72,   345.75
  475.51,   726.94,   470.82
  477.87,   728.24,   595.79
  224.92,   474.83,   475.77
  221.45,   474.11,   601.20
  217.59,   473.26,   726.56
  226.86,   600.29,   477.43
  223.73,   599.20,   602.47
  220.15,   597.73,   727.35
  228.19,   726.41,   479.26
  225.47,   724.77,   603.70
  222.68,   722.75,   728.42
  348.93,   473.57,   478.17
  345.97,   472.26,   604.05
  343.11,   470.69,   730.44
  350.14,   599.11,   479.64
  347.79,   597.89,   605.30
  345.76,   596.49,   731.35
  351.30,   724.66,   481.51
  349.49,   723.64,   606.21
  348.19,   722.67,   731.09
  473.36,   472.36,   480.67
  471.00,   470.71,   606.81
  469.17,   468.52,   733.73
  474.20,   597.70,   482.14
  472.46,   596.42,   608.02
  471.52,   594.99,   734.61
  475.40,   722.42,   484.04
  473.96,   721.75,   608.98
  473.15,   721.57,   733.99
  223.43,   475.35,   598.46
  222.65,   477.92,   723.87
  223.17,   480.08,   848.43
  227.10,   600.43,   596.23
  226.67,   602.44,   721.16
  227.18,   604.51,   846.42
  230.21,   726.04,   593.98
  230.55,   727.54,   718.64
  231.77,   729.66,   844.61
  347.93,   472.15,   598.26
  348.19,   474.03,   724.72
  348.95,   476.11,   850.12
  351.08,   597.74,   595.99
  352.20,   599.86,   722.06
  353.42,   601.99,   847.93
  354.09,   723.40,   593.50
  355.90,   726.01,   718.28
  357.52,   728.26,   844.36
  472.91,   469.25,   597.94
  474.19,   470.56,   724.90
  475.12,   472.40,   850.66
  475.67,   594.88,   595.64
  477.81,   596.94,   722.19
  479.25,   598.98,   848.29
  478.50,   720.01,   593.24
  480.73,   723.33,   718.19
  482.27,   725.74,   844.24
  222.33,   598.16,   102.28
  219.21,   598.40,   226.85
  217.07,   599.32,   351.57
  223.50,   722.55,   101.00
  220.50,   723.29,   225.93
  217.38,   725.09,   351.33
  224.99,   847.28,    99.94
  221.66,   848.23,   225.43
  217.29,   850.49,   350.95
  348.23,   598.26,   105.63
  344.68,   598.83,   230.56
  340.98,   599.86,   354.82
  348.41,   723.94,   104.53
  344.80,   725.08,   229.19
  340.62,   725.78,   354.34
  348.61,   849.00,   103.56
  345.16,   850.37,   227.98
  341.01,   850.67,   353.78
  474.20,   598.16,   109.26
  470.46,   599.00,   234.22
  465.47,   600.16,   358.15
  473.63,   724.53,   108.27
  469.78,   725.68,   232.90
  464.75,   725.70,   357.66
  473.30,   849.82,   107.27
  469.01,   851.43,   231.69
  465.51,   850.28,   356.88
  223.49,   598.18,   226.37
  224.41,   597.88,   351.11
  224.57,   597.83,   476.16
  223.45,   723.10,   226.64
  223.39,   723.67,   352.07
  223.03,   723.95,   477.16
  223.27,   848.03,   227.35
  221.99,   849.07,   352.91
  221.30,   849.41,   477.47
  349.04,   599.93,   226.98
  348.39,   599.75,   351.27
  347.88,   599.60,   476.06
  347.80,   726.20,   226.79
  346.67,   725.66,   351.98
  346.17,   725.18,   477.08
  346.82,   851.46,   226.78
  345.77,   850.54,   352.61
  345.18,   849.77,   477.97
  474.92,   601.39,   227.54
  473.03,   601.31,   351.53
  471.93,   601.13,   476.23
  472.88,   728.10,   227.40
  470.97,   726.88,   352.21
  470.21,   725.88,   477.29
  470.75,   853.81,   227.40
  470.36,   851.46,   352.60
  470.24,   849.78,   478.37
  227.22,   600.17,   347.71
  230.25,   597.72,   472.67
  232.35,   595.10,   597.73
  230.65,   725.93,   350.96
  233.14,   723.79,   475.98
  235.65,   720.68,   600.41
  233.70,   851.24,   354.08
  235.89,   849.12,   478.60
  238.59,   845.79,   602.67
  351.19,   597.57,   344.93
  353.51,   595.05,   469.59
  356.33,   592.29,   595.21
  353.90,   723.46,   347.89
  356.20,   720.54,   472.92
  359.54,   717.96,   597.68
  357.43,   848.30,   350.80
  359.71,   845.01,   476.21
  363.05,   842.60,   600.25
  475.92,   594.66,   342.25
  477.61,   592.15,   466.79
  480.91,   589.32,   592.54
  478.31,   720.22,   345.18
  480.30,   716.85,   470.15
  483.95,   714.45,   595.14
  481.97,   844.82,   347.90
  484.73,   840.67,   473.53
  487.80,   838.81,   598.24
  224.82,   600.79,   476.02
  223.31,   600.56,   601.08
  221.38,   599.94,   725.99
  227.73,   726.89,   477.00
  226.63,   726.13,   601.46
  225.50,   724.97,   726.20
  230.46,   852.23,   477.29
  229.53,   851.26,   601.43
  229.32,   850.01,   726.15
  348.10,   598.03,   476.60
  347.34,   597.67,   602.27
  346.95,   597.13,   728.35
  350.83,   723.57,   477.61
  350.60,   723.39,   602.36
  350.94,   723.30,   727.24
  354.34,   848.06,   478.54
  354.09,   848.01,   602.58
  354.56,   848.19,   726.30
  472.14,   595.06,   477.45
  471.96,   594.63,   603.34
  472.65,   594.04,   729.95
  474.89,   719.78,   478.49
  475.03,   719.89,   603.49
  475.85,   720.56,   728.53
  479.36,   843.63,   479.58
  478.87,   844.26,   604.25
  478.84,   845.67,   727.71
  226.54,   601.39,   599.83
  222.93,   603.41,   724.70
  220.26,   605.52,   849.88
  226.54,   727.00,   597.55
  223.67,   728.46,   722.21
  221.69,   730.61,   848.16
  226.09,   852.16,   594.86
  224.07,   853.49,   719.50
  223.10,   856.09,   844.83
  350.58,   601.91,   602.76
  348.53,   604.07,   728.75
  346.53,   606.23,   854.50
  350.50,   727.63,   600.17
  349.12,   730.21,   724.90
  347.50,   732.43,   851.03
  350.66,   852.21,   597.75
  349.36,   854.94,   721.39
  347.70,   857.43,   847.06
  475.24,   602.26,   605.58
  474.24,   604.43,   732.06
  472.35,   606.53,   858.02
  474.97,   727.50,   603.05
  474.03,   730.91,   727.87
  472.25,   733.23,   854.00
  475.52,   851.79,   601.19
  473.72,   855.82,   724.55
  471.49,   858.27,   849.79
  349.79,   101.60,    98.45
  346.75,   104.91,   223.25
  343.73,   107.97,   348.27
  346.21,   226.84,    95.51
  343.27,   230.16,   220.25
  340.63,   232.71,   345.36
  343.06,   351.32,    92.64
  340.18,   354.04,   217.58
  337.56,   356.88,   341.95
  474.06,   105.23,   101.61
  471.31,   108.08,   226.22
  468.29,   110.73,   351.27
  470.60,   230.28,    98.87
  467.73,   233.37,   223.30
  465.19,   235.90,   348.15
  468.47,   354.30,    95.69
  465.42,   357.29,   220.64
  462.35,   360.52,   344.72
  598.95,   108.50,   104.26
  595.93,   111.28,   228.93
  593.23,   113.74,   354.12
  595.85,   233.20,   101.57
  592.52,   236.18,   226.05
  590.01,   238.95,   350.64
  594.00,   357.62,    98.46
  590.64,   360.74,   223.40
  587.14,   363.86,   347.28
  348.05,    99.76,   224.49
  348.84,    97.59,   349.48
  349.88,    95.18,   474.50
  346.42,   225.18,   226.80
  347.61,   222.49,   351.99
  348.37,   219.89,   476.80
  345.28,   349.10,   229.41
  346.48,   346.76,   353.85
  347.25,   344.46,   478.48
  472.73,   100.97,   223.70
  473.52,    98.38,   348.73
  474.18,    95.88,   473.58
  470.93,   226.43,   226.08
  472.22,   223.69,   351.01
  473.18,   220.71,   475.81
  470.50,   350.45,   228.70
  471.28,   348.42,   352.85
  472.02,   346.00,   477.40
  597.41,   102.36,   222.66
  598.54,    99.52,   347.89
  599.50,    97.09,   472.97
  595.75,   227.27,   225.08
  597.13,   224.77,   349.77
  598.59,   222.13,   474.98
  595.72,   351.91,   227.69
  596.14,   349.75,   351.65
  597.08,   347.42,   476.45
  350.88,    98.80,   351.79
  353.27,    98.86,   476.82
  355.32,    98.81,   601.49
  354.45,   223.67,   351.70
  356.55,   223.52,   476.49
  358.22,   223.58,   600.84
  358.13,   347.95,   350.98
  360.26,   348.15,   475.58
  361.97,   348.20,   600.79
  475.52,    94.71,   349.62
  477.53,    94.76,   474.48
  479.86,    94.80,   599.14
  478.98,   220.05,   349.34
  481.37,   219.57,   474.14
  483.35,   219.21,   598.68
  482.87,   344.77,   348.61
  485.00,   344.87,   473.14
  487.18,   344.48,   598.57
  600.52,    91.05,   347.41
  602.78,    91.18,   472.48
  604.95,    91.69,   597.35
  603.84,   216.28,   346.72
  606.71,   216.17,   471.96
  608.89,   216.35,   597.39
  607.67,   341.23,   346.03
  610.01,   341.42,   470.82
  612.70,   341.61,   596.81
  349.05,    99.71,   476.53
  348.25,   102.86,   601.16
  347.37,   106.25,   725.43
  351.61,   224.34,   473.10
  350.48,   227.63,   597.45
  349.34,   231.10,   721.78
  354.57,   348.90,   469.09
  353.48,   352.19,   594.25
  352.32,   355.36,   719.90
  473.33,    96.33,   477.06
  472.83,    99.52,   601.66
  472.33,   103.17,   726.06
  476.41,   221.13,   473.61
  475.55,   223.94,   598.10
  474.44,   227.21,   722.47
  479.32,   346.40,   469.52
  478.65,   349.22,   594.89
  478.04,   351.84,   720.88
  598.60,    93.51,   477.94
  597.95,    97.13,   602.76
  597.19,   100.78,   727.41
  601.80,   218.47,   474.31
  601.17,   221.77,   599.65
  599.93,   225.57,   724.78
  604.35,   343.71,   470.07
  604.21,   347.03,   595.98
  604.23,   350.16,   722.28
  350.32,   101.38,   600.60
  351.02,   100.34,   724.99
  352.49,    99.53,   850.08
  351.29,   226.22,   601.23
  351.69,   225.29,   725.55
  352.84,   224.48,   850.28
  353.05,   350.84,   602.46
  353.41,   349.62,   728.08
  354.42,   348.50,   853.11
  474.90,    99.27,   599.50
  476.02,    98.55,   724.02
  477.27,    97.98,   848.97
  476.40,   223.75,   600.29
  476.80,   222.66,   724.67
  477.30,   222.18,   849.51
  478.28,   349.05,   601.50
  479.17,   347.29,   727.47
  479.96,   346.23,   852.73
  600.06,    98.09,   598.99
  600.86,    97.35,   723.69
  601.81,    96.42,   848.49
  602.04,   222.81,   600.24
  602.29,   222.25,   725.42
  602.66,   221.78,   850.48
  603.88,   348.12,   600.98
  605.40,   346.85,   727.31
  606.26,   345.53,   852.25
  349.02,   226.31,   101.41
  345.99,   223.03,   226.15
  343.20,   219.01,   351.28
  352.06,   350.65,   105.37
  349.10,   346.90,   230.17
  346.32,   343.20,   354.55
  355.17,   475.29,   109.13
  352.11,   471.24,   234.03
  349.15,   467.85,   357.90
  473.39,   223.44,   104.86
  470.41,   219.93,   229.29
  467.74,   215.82,   354.20
  477.45,   347.39,   108.55
  474.21,   343.93,   233.28
  471.04,   340.50,   357.42
  481.28,   471.99,   112.29
  477.82,   468.42,   237.22
  473.90,   465.44,   360.79
  598.57,   220.02,   107.69
  595.13,   216.40,   232.12
  592.59,   212.52,   356.87
  602.90,   344.44,   111.43
  599.26,   341.01,   236.09
  595.82,   337.45,   360.06
  606.84,   469.20,   115.26
  603.13,   465.78,   240.03
  598.78,   462.53,   363.66
  348.77,   227.20,   223.64
  348.75,   227.86,   348.83
  348.29,   228.60,   473.65
  347.76,   351.14,   222.91
  347.74,   352.14,   347.34
  347.32,   353.20,   471.96
  346.61,   475.59,   222.02
  346.43,   476.87,   345.99
  346.01,   478.21,   470.55
  473.29,   228.30,   224.11
  473.37,   228.93,   349.04
  473.11,   229.33,   473.83
  473.02,   352.33,   223.39
  472.57,   353.66,   347.55
  472.07,   354.65,   472.07
  472.52,   476.92,   222.61
  471.32,   478.65,   346.25
  470.42,   480.13,   470.72
  598.13,   228.99,   224.30
  598.28,   229.87,   348.98
  598.51,   230.59,   474.18
  598.27,   353.66,   223.58
  597.44,   354.86,   347.54
  597.10,   355.91,   472.28
  598.04,   478.48,   222.79
  596.35,   479.99,   346.49
  595.47,   481.40,   470.99
  348.52,   223.97,   351.76
  348.22,   225.50,   476.56
  347.48,   227.28,   600.95
  351.73,   348.23,   349.48
  351.46,   350.07,   474.09
  350.73,   351.84,   599.31
  354.64,   472.93,   347.33
  354.33,   475.08,   471.87
  353.89,   476.86,   597.75
  473.09,   220.81,   351.88
  473.00,   221.98,   476.67
  472.50,   223.26,   601.17
  476.51,   345.52,   349.57
  476.19,   347.27,   474.11
  475.90,   348.53,   599.53
  479.51,   470.46,   347.47
  478.80,   472.73,   471.94
  478.89,   474.25,   598.00
  597.98,   217.52,   351.75
  598.39,   219.02,   476.96
  598.13,   220.78,   602.30
  601.33,   342.47,   349.45
  601.23,   344.30,   474.25
  601.48,   346.06,   600.22
  604.49,   467.55,   347.59
  603.83,   469.73,   472.10
  604.37,   471.60,   598.06
  351.47,   226.13,   476.09
  352.50,   228.17,   600.45
  353.53,   230.39,   724.78
  350.61,   350.74,   473.31
  351.68,   352.81,   598.52
  352.69,   354.76,   724.18
  349.41,   475.74,   470.80
  350.73,   477.86,   596.65
  352.26,   479.65,   723.14
  476.30,   226.72,   474.32
  477.63,   228.29,   598.86
  478.70,   230.34,   723.31
  475.37,   352.04,   471.46
  476.88,   353.63,   596.89
  478.48,   355.03,   722.94
  473.84,   477.51,   469.01
  475.70,   479.37,   595.03
  478.29,   480.64,   722.00
  601.70,   227.86,   472.71
  603.28,   229.94,   598.15
  604.27,   232.52,   723.41
  600.39,   353.15,   469.71
  602.45,   355.25,   595.65
  604.74,   357.14,   722.04
  598.88,   478.62,   467.31
  601.16,   480.80,   593.19
  604.34,   482.35,   719.92
  351.26,   225.38,   598.72
  350.65,   223.41,   723.02
  350.80,   221.57,   847.72
  349.69,   350.00,   601.00
  349.03,   347.77,   726.58
  349.02,   345.61,   851.57
  348.04,   475.00,   603.41
  347.85,   472.56,   729.85
  348.14,   470.35,   855.13
  476.37,   226.22,   598.81
  475.76,   224.06,   723.19
  475.25,   222.52,   847.99
  474.90,   351.51,   601.09
  474.77,   348.68,   727.05
  474.55,   346.56,   852.28
  473.07,   477.20,   603.54
  473.95,   474.18,   730.51
  474.34,   471.75,   856.12
  602.02,   228.59,   599.80
  601.29,   226.94,   724.99
  600.64,   225.40,   850.01
  600.51,   353.88,   601.59
  601.05,   351.49,   727.93
  600.88,   349.09,   852.86
  598.57,   479.42,   603.42
  600.09,   476.64,   730.20
  600.50,   473.79,   855.27
  351.14,   351.22,    98.98
  352.22,   350.43,   223.93
  353.47,   349.76,   348.37
  349.96,   476.02,    99.60
  350.97,   474.88,   224.74
  352.05,   474.49,   348.70
  348.70,   601.36,   100.06
  349.58,   600.47,   225.08
  350.18,   600.05,   349.38
  476.63,   352.26,    98.17
  477.46,   351.74,   223.14
  478.29,   351.38,   347.29
  476.10,   477.06,    98.66
  476.86,   476.34,   224.05
  476.93,   476.38,   347.69
  474.59,   602.86,    99.21
  475.47,   602.21,   224.39
  474.86,   601.89,   348.38
  602.19,   353.63,    97.06
  602.71,   353.19,   222.04
  603.16,   352.68,   346.01
  601.62,   478.55,    97.70
  602.36,   478.02,   222.95
  601.96,   477.82,   346.66
  599.76,   603.87,    98.40
  600.97,   603.20,   223.42
  600.48,   602.98,   347.51
  348.67,   350.64,   226.41
  351.22,   351.78,   350.82
  353.36,   352.97,   475.42
  346.97,   475.09,   225.42
  349.37,   476.52,   349.37
  351.49,   478.01,   473.92
  345.16,   600.65,   223.97
  347.09,   602.07,   348.26
  349.10,   603.54,   473.01
  473.89,   352.35,   224.31
  476.02,   353.82,   348.44
  478.10,   354.94,   472.94
  472.85,   476.94,   223.43
  474.23,   478.81,   347.05
  475.91,   480.43,   471.50
  471.06,   602.81,   221.97
  471.74,   604.31,   345.95
  473.12,   605.73,   470.59
  599.13,   354.19,   221.92
  600.87,   355.52,   345.86
  603.11,   356.71,   470.57
  598.36,   479.01,   221.04
  599.25,   480.65,   344.73
  600.94,   482.18,   469.19
  596.56,   604.21,   219.72
  597.35,   605.80,   343.78
  598.76,   607.30,   468.48
  350.67,   351.05,   349.24
  350.54,   349.10,   473.86
  349.95,   347.07,   599.07
  346.88,   475.72,   350.87
  346.76,   474.04,   475.46
  346.42,   472.02,   601.35
  342.66,   601.20,   352.86
  342.49,   599.50,   477.65
  342.70,   597.57,   603.29
  475.45,   355.05,   349.19
  475.26,   353.02,   473.72
  475.11,   350.47,   599.18
  471.68,   480.00,   350.88
  471.13,   478.45,   475.40
  471.39,   476.12,   601.50
  467.17,   605.46,   352.88
  466.40,   603.71,   477.58
  467.25,   601.73,   603.42
  600.27,   358.72,   348.94
  600.24,   356.78,   473.70
  600.67,   354.72,   599.69
  596.65,   483.83,   350.89
  596.12,   482.22,   475.42
  596.83,   480.22,   601.41
  592.70,   608.96,   353.05
  591.91,   607.29,   477.81
  592.57,   605.29,   603.35
  348.87,   349.71,   475.19
  346.67,   349.09,   600.41
  344.39,   348.41,   725.99
  351.82,   474.72,   475.44
  349.91,   474.07,   601.34
  348.12,   473.13,   727.79
  354.21,   600.25,   476.25
  352.90,   599.70,   601.92
  351.98,   598.98,   728.02
  473.58,   346.82,   476.61
  471.81,   345.64,   602.04
  470.02,   344.35,   727.93
  476.26,   472.30,   476.91
  474.92,   471.34,   603.03
  474.16,   469.81,   729.99
  478.33,   597.62,   477.73
  477.56,   597.01,   603.59
  477.67,   596.24,   730.18
  598.62,   343.77,   478.17
  597.39,   343.07,   604.15
  596.19,   342.19,   730.39
  601.29,   469.23,   478.47
  600.42,   468.63,   604.51
  600.29,   467.36,   731.30
  603.97,   594.39,   479.47
  602.99,   593.76,   605.05
  602.95,   592.81,   731.25
  350.68,   348.82,   597.89
  347.94,   351.27,   723.49
  345.84,   353.77,   848.56
  354.17,   473.80,   595.62
  351.94,   476.03,   722.09
  350.14,   478.48,   847.50
  357.35,   599.41,   593.05
  355.99,   601.90,   719.10
  354.67,   604.39,   844.95
  475.81,   345.20,   600.10
  473.58,   347.07,   726.02
  471.32,   349.61,   851.31
  479.14,   470.90,   597.87
  477.93,   472.57,   724.81
  476.31,   474.77,   850.56
  481.96,   596.50,   595.26
  481.58,   598.95,   721.76
  480.49,   601.37,   847.85
  601.38,   342.45,   602.80
  599.74,   344.76,   729.03
  597.50,   347.03,   853.93
  604.63,   467.96,   599.93
  604.01,   469.92,   726.66
  602.39,   471.71,   851.79
  607.43,   593.04,   597.31
  606.82,   595.28,   723.41
  605.53,   597.56,   848.98
  351.03,   474.95,   102.39
  348.90,   475.39,   227.47
  346.88,   476.54,   351.41
  350.20,   600.31,   101.24
  347.94,   600.98,   226.23
  345.45,   602.11,   350.52
  349.18,   725.93,   100.08
  346.86,   727.24,   224.71
  343.91,   728.03,   349.89
  477.18,   475.55,   104.64
  474.74,   476.45,   229.85
  471.70,   478.05,   353.47
  476.13,   601.37,   103.55
  473.78,   602.31,   228.63
  470.03,   603.56,   352.60
  474.35,   727.67,   102.53
  471.90,   729.03,   227.16
  468.14,   729.13,   351.95
  602.77,   476.63,   106.81
  600.18,   477.73,   231.83
  596.69,   479.09,   355.52
  601.36,   601.95,   105.87
  599.25,   602.91,   230.74
  595.59,   604.27,   354.83
  599.53,   727.58,   104.77
  597.74,   728.72,   229.70
  594.20,   729.08,   354.35
  351.26,   475.16,   224.59
  352.43,   476.57,   348.54
  353.34,   478.03,   473.11
  352.49,   600.77,   223.14
  353.13,   602.15,   347.42
  353.92,   603.57,   472.17
  353.54,   727.10,   221.36
  353.71,   728.09,   346.52
  354.48,   729.10,   471.64
  477.14,   474.01,   223.81
  477.31,   475.85,   347.44
  477.81,   477.42,   471.92
  478.40,   599.85,   222.36
  477.87,   601.34,   346.33
  478.05,   602.74,   470.99
  478.73,   726.57,   220.65
  478.15,   726.94,   345.42
  478.65,   727.44,   470.49
  602.63,   473.09,   222.62
  602.35,   474.67,   346.32
  602.88,   476.15,   470.82
  603.89,   598.23,   221.30
  603.51,   599.81,   345.37
  603.75,   601.30,   470.09
  604.59,   723.96,   219.98
  604.37,   724.65,   344.65
  604.82,   725.42,   469.59
  348.23,   472.82,   350.98
  348.66,   469.49,   475.53
  348.87,   465.81,   601.37
  351.21,   598.31,   354.57
  351.55,   594.95,   479.31
  352.36,   591.34,   604.99
  353.99,   724.13,   358.47
  354.37,   720.42,   483.48
  355.75,   717.04,   608.22
  473.06,   469.85,   350.28
  473.10,   466.63,   474.75
  473.88,   462.62,   600.78
  475.85,   595.26,   353.88
  475.64,   591.91,   478.53
  477.03,   588.23,   604.39
  478.36,   720.67,   357.75
  478.48,   716.57,   482.74
  480.21,   713.47,   607.71
  598.02,   466.43,   349.56
  598.10,   463.13,   474.04
  599.35,   459.49,   600.01
  601.41,   591.52,   353.32
  601.22,   588.27,   478.00
  602.44,   584.60,   603.56
  604.55,   716.20,   357.35
  604.55,   712.38,   482.25
  605.48,   709.12,   607.29
  350.47,   475.52,   474.92
  348.25,   473.28,   600.79
  346.12,   470.77,   727.20
  349.01,   601.04,   477.28
  347.37,   598.90,   602.92
  346.06,   596.57,   728.97
  347.54,   726.60,   480.03
  346.40,   724.64,   604.73
  345.79,   722.72,   729.60
  474.91,   476.99,   476.73
  473.27,   474.45,   602.83
  472.20,   471.33,   729.77
  473.06,   602.31,   479.10
  472.02,   600.12,   604.93
  471.81,   597.79,   731.49
  471.60,   727.02,   481.89
  470.86,   725.42,   606.80
  470.77,   724.34,   731.76
  599.96,   477.82,   478.63
  598.79,   475.63,   604.64
  598.37,   472.75,   731.41
  598.69,   602.96,   481.19
  597.43,   600.76,   606.74
  597.10,   598.27,   732.91
  597.63,   727.07,   483.98
  596.10,   725.40,   608.99
  595.00,   724.07,   734.13
  350.23,   473.62,   601.70
  346.39,   474.31,   728.09
  343.02,   475.24,   853.33
  347.62,   599.23,   600.53
  344.57,   600.13,   726.51
  341.60,   601.05,   852.23
  344.89,   724.94,   599.11
  342.51,   726.21,   723.88
  339.95,   727.18,   849.99
  475.21,   476.59,   605.47
  472.44,   476.70,   732.40
  469.17,   477.44,   857.96
  472.19,   602.26,   604.26
  470.25,   603.19,   730.73
  467.46,   604.05,   856.71
  469.27,   727.52,   602.87
  467.43,   729.68,   727.70
  464.75,   730.75,   853.85
  600.70,   479.57,   608.99
  598.55,   479.88,   735.73
  595.20,   480.18,   860.66
  597.56,   604.68,   607.78
  595.44,   605.44,   733.90
  592.45,   606.22,   859.42
  594.47,   729.31,   606.78
  591.59,   731.28,   731.82
  588.74,   732.63,   857.72
  349.52,   600.44,    99.18
  352.50,   598.07,   224.17
  355.14,   596.18,   348.39
  346.91,   726.00,   101.11
  349.78,   724.31,   225.74
  351.96,   722.06,   350.84
  344.40,   850.98,   103.08
  347.34,   849.55,   227.50
  349.59,   846.93,   353.26
  475.33,   603.16,    96.26
  478.37,   601.01,   221.44
  479.85,   599.21,   345.37
  471.98,   729.35,    98.46
  474.86,   727.70,   223.05
  476.31,   724.77,   347.79
  469.05,   854.47,   100.45
  471.24,   853.39,   224.81
  474.16,   849.36,   349.94
  600.36,   605.40,    93.38
  603.81,   603.20,   218.44
  605.44,   601.50,   342.48
  596.98,   730.93,    95.53
  600.69,   729.01,   220.45
  602.46,   726.33,   345.07
  594.71,   856.55,    97.48
  597.31,   855.07,   223.06
  599.80,   850.81,   347.50
  349.96,   601.16,   227.16
  353.02,   599.15,   351.39
  356.20,   597.17,   476.09
  349.04,   727.43,   228.83
  351.61,   725.04,   353.95
  354.82,   722.69,   478.96
  348.38,   852.65,   230.70
  351.05,   849.88,   356.45
  354.22,   847.23,   481.76
  475.83,   602.33,   224.01
  477.71,   600.40,   347.93
  480.31,   598.40,   472.53
  474.11,   729.03,   225.71
  475.97,   725.95,   350.45
  478.93,   723.10,   475.44
  472.30,   854.70,   227.57
  475.66,   850.51,   352.70
  479.30,   846.97,   478.37
  601.31,   602.74,   220.59
  603.32,   600.91,   344.61
  605.98,   599.00,   469.25
  599.97,   728.55,   222.68
  602.14,   725.75,   347.30
  605.04,   723.13,   472.18
  598.40,   854.59,   225.40
  601.30,   850.19,   349.82
  604.97,   846.87,   474.73
  350.08,   600.89,   350.20
  350.24,   602.98,   474.98
  350.92,   604.86,   600.61
  348.34,   726.80,   348.67
  348.49,   728.53,   473.78
  349.64,   730.55,   598.49
  347.43,   851.66,   347.05
  347.52,   853.04,   472.46
  348.61,   855.10,   596.53
  474.75,   602.47,   349.75
  474.31,   604.53,   474.43
  475.54,   606.35,   600.22
  472.68,   728.05,   348.19
  472.58,   729.23,   473.27
  474.08,   731.53,   598.21
  472.01,   852.69,   346.32
  472.64,   853.09,   472.09
  473.50,   855.76,   596.87
  600.38,   603.32,   349.42
  599.98,   605.45,   474.17
  600.97,   607.23,   599.68
  598.83,   728.15,   348.05
  598.66,   729.55,   473.00
  599.40,   731.77,   598.05
  597.66,   852.66,   346.48
  598.33,   853.29,   471.43
  598.49,   856.28,   596.84
  349.99,   602.17,   474.73
  347.87,   599.01,   600.32
  346.06,   595.67,   726.34
  346.71,   727.67,   478.46
  345.08,   724.69,   603.12
  343.95,   721.74,   727.96
  344.15,   852.17,   482.04
  342.49,   849.32,   605.95
  341.53,   846.57,   729.75
  474.00,   605.23,   477.10
  472.46,   602.05,   602.87
  471.78,   598.70,   729.39
  470.73,   729.89,   480.87
  469.49,   727.29,   605.73
  468.92,   725.20,   730.64
  469.22,   853.70,   484.67
  467.28,   851.64,   609.14
  465.91,   850.20,   732.46
  599.62,   607.67,   479.75
  597.85,   604.47,   605.23
  597.01,   600.99,   731.35
  596.73,   731.71,   483.51
  594.70,   729.07,   608.47
  593.10,   726.77,   733.55
  594.86,   855.43,   486.91
  592.13,   853.70,   612.16
  589.66,   852.49,   736.42
  349.65,   600.85,   598.90
  348.07,   602.76,   724.90
  346.57,   604.66,   850.69
  348.72,   726.55,   596.58
  347.81,   728.88,   721.32
  346.71,   730.87,   847.42
  348.03,   851.16,   594.40
  347.22,   853.63,   718.06
  346.11,   855.88,   843.68
  474.27,   602.03,   601.19
  473.76,   603.95,   727.68
  472.44,   605.80,   853.71
  473.16,   727.24,   598.94
  472.72,   730.41,   723.77
  471.50,   732.54,   849.86
  472.90,   851.52,   597.33
  471.61,   855.31,   720.70
  469.92,   857.59,   845.87
  599.71,   602.61,   603.31
  598.99,   604.34,   729.42
  597.47,   606.09,   854.98
  598.47,   727.19,   601.42
  596.94,   730.08,   726.49
  595.51,   732.47,   852.37
  597.89,   851.73,   599.97
  595.48,   855.73,   724.41
  593.98,   858.42,   849.34
  472.50,   102.04,   101.88
  471.01,    99.73,   226.55
  469.12,    97.32,   351.57
  475.06,   227.19,   104.32
  473.39,   225.19,   228.81
  472.03,   222.60,   353.74
  479.08,   351.19,   106.45
  477.17,   349.21,   231.28
  475.28,   347.32,   355.43
  597.46,    99.15,   103.34
  595.72,    96.88,   228.12
  594.13,    94.17,   353.32
  600.30,   223.89,   105.86
  598.15,   221.77,   230.36
  596.91,   219.42,   355.10
  604.58,   348.36,   108.04
  602.27,   346.43,   232.81
  600.10,   344.38,   356.80
  722.74,    95.70,   104.32
  720.36,    94.00,   229.64
  719.23,    91.67,   355.10
  725.93,   220.19,   107.09
  723.18,   218.25,   231.76
  722.49,   216.20,   356.30
  729.78,   345.63,   109.50
  727.43,   343.50,   234.18
  725.12,   341.08,   358.29
  475.53,   100.00,   225.77
  476.29,   100.96,   350.84
  477.00,   101.91,   475.72
  477.71,   225.47,   224.61
  479.01,   226.26,   349.53
  480.02,   226.81,   474.32
  481.33,   349.50,   223.70
  482.10,   350.98,   347.85
  482.84,   352.13,   472.37
  600.24,    97.38,   224.75
  601.33,    98.05,   349.98
  602.30,    99.14,   475.10
  602.50,   222.25,   223.59
  603.91,   223.29,   348.30
  605.39,   224.20,   473.53
  606.50,   346.93,   222.67
  606.94,   348.25,   346.65
  607.87,   349.47,   471.43
  724.89,    94.66,   223.66
  726.46,    95.75,   349.09
  727.80,    96.60,   474.64
  727.53,   218.93,   222.46
  729.48,   220.25,   346.89
  730.62,   221.86,   472.73
  731.70,   344.24,   221.48
  731.99,   345.18,   345.57
  732.76,   346.59,   470.78
  473.65,   101.76,   350.83
  474.19,    97.89,   475.64
  475.00,    94.11,   600.24
  477.09,   226.96,   354.37
  477.90,   222.65,   479.13
  478.32,   218.45,   603.62
  480.84,   351.65,   357.47
  481.44,   347.89,   482.03
  482.08,   343.62,   607.48
  598.66,    98.16,   350.00
  599.44,    94.43,   475.04
  600.07,    91.10,   599.84
  601.98,   223.33,   353.17
  603.29,   219.38,   478.39
  603.90,   215.69,   603.75
  605.66,   348.24,   356.31
  606.49,   344.59,   481.16
  607.68,   340.89,   607.18
  723.77,    95.19,   349.15
  724.94,    91.19,   474.63
  725.70,    88.44,   599.83
  727.53,   219.64,   351.79
  728.48,   216.41,   477.67
  728.55,   213.71,   604.04
  730.68,   344.49,   355.27
  731.38,   341.12,   480.56
  732.75,   338.56,   606.97
  475.30,    99.39,   475.86
  475.89,    96.47,   600.47
  476.65,    94.00,   725.06
  472.84,   224.22,   478.52
  473.04,   220.88,   603.01
  473.00,   218.06,   727.31
  470.22,   349.48,   480.61
  470.61,   346.08,   606.04
  470.99,   342.58,   731.90
  600.62,   102.06,   475.66
  601.02,    99.57,   600.48
  601.39,    97.08,   725.14
  598.24,   227.09,   478.08
  598.69,   224.21,   603.47
  598.49,   221.88,   728.58
  595.25,   352.37,   480.04
  596.23,   349.44,   606.04
  597.26,   346.34,   732.31
  726.14,   105.04,   475.57
  726.35,   103.14,   600.98
  726.19,   101.76,   725.86
  723.42,   230.26,   477.70
  723.43,   228.40,   604.12
  723.93,   226.69,   730.31
  720.14,   355.02,   479.76
  721.42,   353.22,   606.11
  723.17,   351.06,   732.44
  472.55,    98.05,   597.84
  475.32,    98.52,   722.34
  478.20,    99.16,   847.23
  474.95,   222.52,   597.38
  477.04,   222.62,   721.74
  479.19,   223.34,   846.57
  477.74,   347.81,   597.30
  480.32,   347.27,   723.26
  482.82,   347.37,   848.58
  597.64,    95.93,   595.65
  600.15,    96.39,   720.35
  602.73,    96.69,   845.13
  600.57,   220.61,   595.64
  602.50,   221.28,   720.82
  604.54,   222.05,   845.91
  603.28,   345.93,   595.10
  606.48,   345.92,   721.42
  609.10,   345.81,   846.46
  723.15,    94.16,   593.89
  725.08,    95.77,   718.77
  727.48,    94.39,   843.19
  725.25,   219.49,   594.06
  727.78,   220.83,   720.26
  730.72,   221.44,   846.16
  728.32,   344.36,   593.02
  732.17,   345.37,   719.41
  735.04,   344.86,   844.00
  475.32,   225.26,   101.39
  472.72,   223.17,   225.83
  470.45,   220.49,   350.76
  476.81,   349.30,   103.54
  473.98,   347.21,   228.39
  471.20,   345.21,   352.54
  478.03,   474.02,   105.74
  475.04,   471.77,   230.88
  471.51,   470.20,   354.48
  600.60,   224.44,   103.88
  597.51,   222.23,   228.36
  595.34,   219.79,   353.08
  602.35,   348.95,   106.10
  599.14,   346.91,   230.89
  596.03,   344.78,   354.86
  603.62,   473.80,   108.43
  600.45,   471.74,   233.39
  596.46,   469.92,   357.05
  726.28,   223.24,   106.06
  722.58,   221.20,   230.73
  720.93,   219.05,   355.22
  727.58,   348.72,   108.54
  724.33,   346.50,   233.22
  721.06,   343.99,   357.29
  728.27,   473.89,   110.91
  725.53,   471.57,   235.60
  721.61,   469.17,   359.84
  472.67,   225.19,   227.00
  470.71,   224.48,   351.93
  468.39,   223.53,   476.71
  472.45,   349.25,   227.56
  469.98,   349.22,   351.72
  467.44,   348.84,   476.26
  472.01,   473.82,   228.07
  468.79,   474.22,   351.70
  465.91,   474.33,   476.22
  597.47,   225.79,   229.22
  595.61,   225.32,   353.94
  593.78,   224.69,   479.13
  597.63,   350.47,   229.78
  594.81,   350.33,   353.75
  592.48,   350.03,   478.55
  597.46,   475.31,   230.29
  593.76,   475.49,   353.97
  590.92,   475.55,   478.52
  722.57,   226.29,   231.30
  721.17,   226.10,   355.78
  718.97,   226.20,   481.67
  722.84,   351.62,   231.80
  719.82,   351.08,   355.90
  717.40,   351.03,   481.14
  722.54,   476.67,   232.20
  718.94,   476.28,   356.45
  716.13,   476.20,   481.22
  475.81,   225.78,   350.08
  473.65,   221.60,   474.84
  471.06,   217.52,   599.29
  476.84,   350.49,   353.13
  474.45,   346.86,   477.65
  472.06,   342.72,   603.02
  477.39,   475.49,   356.35
  474.67,   472.32,   480.88
  472.74,   468.37,   606.99
  600.73,   224.80,   351.93
  599.05,   220.95,   477.12
  596.71,   217.32,   602.41
  601.69,   349.76,   355.01
  599.52,   346.22,   479.81
  597.69,   342.56,   605.76
  602.37,   474.89,   358.48
  599.73,   471.68,   483.04
  598.29,   468.09,   609.08
  726.32,   223.76,   353.61
  724.27,   220.64,   479.48
  721.41,   218.02,   605.81
  726.72,   348.68,   357.01
  724.43,   345.42,   482.27
  722.87,   342.91,   608.64
  727.56,   473.83,   360.85
  724.92,   470.51,   485.62
  723.75,   467.61,   611.22
  474.95,   225.22,   476.03
  474.01,   227.50,   600.54
  472.82,   230.25,   724.95
  473.55,   350.52,   472.45
  472.80,   352.81,   597.87
  472.11,   354.91,   723.89
  471.57,   475.97,   469.28
  471.16,   478.52,   595.30
  471.45,   480.49,   722.26
  600.36,   226.87,   476.66
  599.67,   229.63,   602.05
  598.40,   232.86,   727.24
  598.59,   352.16,   472.94
  598.39,   354.92,   598.88
  598.38,   357.44,   725.24
  596.60,   477.61,   469.81
  596.63,   480.47,   595.72
  597.54,   482.67,   722.48
  725.58,   228.81,   477.35
  724.44,   232.59,   603.76
  723.89,   236.46,   729.97
  723.50,   353.55,   473.73
  723.58,   357.37,   600.00
  724.28,   360.89,   726.29
  721.83,   478.68,   470.75
  722.08,   482.07,   596.24
  723.21,   485.18,   722.00
  474.45,   225.64,   599.56
  470.90,   225.81,   723.91
  467.47,   226.59,   848.70
  478.36,   350.92,   599.58
  475.29,   350.43,   725.55
  472.15,   350.61,   850.82
  481.86,   476.64,   599.73
  479.83,   475.96,   726.69
  477.33,   475.83,   852.40
  600.01,   222.65,   603.47
  596.30,   223.32,   728.53
  592.71,   224.07,   853.47
  603.89,   347.94,   603.06
  601.44,   347.90,   729.33
  598.31,   347.81,   854.21
  607.34,   473.46,   602.57
  605.90,   473.06,   729.31
  603.36,   472.52,   854.37
  724.63,   220.54,   607.62
  721.60,   221.85,   733.74
  718.82,   222.34,   859.26
  728.98,   345.39,   606.68
  727.20,   346.29,   732.97
  724.20,   345.62,   857.16
  732.71,   470.05,   605.52
  731.53,   470.65,   731.26
  728.54,   469.85,   855.05
  474.79,   348.24,   100.71
  475.30,   347.78,   225.63
  475.82,   347.44,   349.81
  475.89,   472.99,   101.18
  476.29,   472.35,   226.49
  476.06,   472.44,   350.13
  476.04,   598.79,   101.65
  476.53,   598.19,   226.80
  475.59,   597.94,   350.76
  600.34,   348.01,    99.93
  600.51,   347.61,   224.86
  600.69,   347.13,   348.85
  601.46,   472.90,   100.53
  601.78,   472.45,   225.71
  601.08,   472.28,   349.42
  601.25,   598.21,   101.16
  602.03,   597.60,   226.15
  601.20,   597.45,   350.22
  725.57,   347.92,    99.05
  725.76,   347.36,   223.90
  725.76,   346.48,   347.99
  726.06,   473.14,    99.80
  726.90,   472.44,   224.61
  726.31,   471.68,   348.91
  725.71,   597.50,   100.50
  726.98,   596.57,   225.16
  727.21,   596.45,   349.80
  474.05,   349.79,   225.01
  474.88,   352.45,   349.15
  475.64,   354.79,   473.66
  472.06,   474.31,   222.92
  472.13,   477.39,   346.54
  472.49,   480.23,   470.99
  469.33,   600.12,   220.25
  468.71,   602.86,   344.22
  468.75,   605.50,   468.85
  599.28,   352.58,   223.90
  599.72,   355.12,   347.84
  600.65,   357.53,   472.57
  597.56,   477.36,   221.81
  597.14,   480.21,   345.49
  597.51,   482.97,   469.96
  594.83,   602.53,   219.27
  594.27,   605.35,   343.32
  594.33,   608.06,   468.02
  724.53,   355.33,   222.59
  724.75,   357.45,   346.66
  725.52,   360.00,   471.78
  722.65,   480.31,   220.34
  722.39,   482.59,   344.62
  722.77,   485.14,   469.33
  719.70,   604.38,   217.94
  720.27,   607.26,   342.53
  720.86,   610.09,   467.39
  473.72,   350.20,   349.88
  473.39,   352.85,   474.39
  473.10,   355.00,   599.84
  475.84,   475.15,   346.92
  475.10,   478.31,   471.36
  475.20,   480.72,   597.42
  477.30,   600.61,   344.25
  476.21,   603.59,   468.87
  476.81,   606.33,   594.60
  598.56,   348.03,   349.77
  598.43,   350.75,   474.52
  598.69,   353.37,   600.47
  600.85,   473.12,   347.04
  600.16,   476.19,   471.52
  600.68,   478.92,   597.46
  602.91,   598.23,   344.53
  601.90,   601.30,   469.23
  602.27,   603.99,   594.70
  723.61,   345.50,   349.74
  723.35,   348.43,   474.95
  723.85,   352.13,   601.26
  726.05,   470.65,   347.36
  725.37,   473.52,   472.10
  726.11,   476.82,   597.62
  728.85,   595.35,   344.94
  728.35,   598.51,   469.79
  728.18,   601.21,   594.80
  475.79,   351.34,   472.42
  474.47,   354.06,   597.84
  473.22,   356.58,   723.87
  472.25,   476.75,   468.80
  471.28,   479.73,   594.80
  471.00,   482.13,   721.75
  468.10,   602.00,   465.70
  467.61,   605.30,   591.40
  468.13,   608.54,   717.80
  600.79,   354.54,   473.44
  600.03,   357.75,   599.38
  599.49,   360.69,   725.74
  597.25,   479.95,   469.87
  596.71,   483.25,   595.76
  597.04,   485.87,   722.50
  593.65,   605.03,   466.97
  592.97,   608.29,   592.43
  593.29,   611.34,   718.46
  725.65,   357.50,   474.76
  725.19,   361.76,   601.00
  725.38,   365.68,   727.25
  722.47,   482.59,   471.34
  722.14,   486.40,   596.80
  722.67,   489.90,   722.51
  720.13,   607.53,   468.45
  718.87,   610.78,   593.47
  718.09,   613.60,   718.66
  474.80,   347.61,   600.86
  474.45,   343.30,   726.71
  474.01,   339.72,   851.86
  474.73,   473.27,   604.83
  475.40,   468.73,   731.74
  475.55,   464.81,   857.26
  474.24,   598.93,   608.36
  475.78,   595.15,   734.94
  476.37,   591.31,   860.86
  600.42,   348.23,   601.54
  600.70,   344.38,   727.79
  600.29,   340.56,   852.68
  600.26,   473.75,   604.87
  601.58,   469.49,   731.61
  601.75,   465.13,   856.58
  599.67,   598.85,   608.39
  601.08,   594.92,   734.56
  601.53,   590.98,   859.95
  725.59,   349.25,   602.32
  726.57,   346.37,   728.67
  726.37,   342.00,   853.05
  725.71,   473.96,   604.99
  727.30,   470.71,   730.77
  727.10,   466.11,   854.58
  725.48,   598.31,   608.40
  725.96,   594.38,   733.57
  725.99,   590.64,   857.95
  477.19,   474.78,    98.74
  474.85,   475.34,   224.11
  471.86,   476.66,   347.73
  477.10,   600.57,    97.99
  474.91,   601.21,   223.17
  471.21,   602.18,   347.14
  476.30,   726.80,    97.37
  474.03,   727.95,   221.98
  470.29,   727.80,   346.75
  602.74,   474.86,   100.89
  600.32,   475.63,   226.06
  596.86,   476.71,   349.75
  602.31,   600.17,   100.28
  600.38,   600.81,   225.26
  596.77,   601.90,   349.32
  601.44,   725.73,    99.54
  599.87,   726.61,   224.47
  596.39,   726.75,   349.13
  727.36,   475.28,   102.91
  725.39,   475.80,   227.69
  722.06,   476.31,   351.97
  726.79,   599.60,   102.37
  725.30,   599.94,   227.01
  722.78,   601.09,   351.64
  726.11,   723.92,   101.59
  725.14,   724.39,   226.64
  723.25,   725.41,   351.53
  477.18,   473.63,   226.44
  476.19,   471.69,   350.05
  475.56,   469.46,   474.54
  480.87,   599.40,   228.76
  479.16,   597.11,   352.70
  478.26,   594.74,   477.37
  483.60,   725.98,   230.86
  481.85,   722.54,   355.60
  481.29,   719.39,   480.62
  602.60,   470.27,   226.33
  601.15,   468.07,   350.01
  600.56,   465.75,   474.52
  606.30,   595.32,   228.77
  604.73,   593.16,   352.82
  603.88,   590.89,   477.53
  609.47,   720.86,   231.27
  608.08,   717.84,   355.90
  607.40,   714.99,   480.82
  727.65,   466.82,   225.90
  726.29,   464.02,   350.15
  725.66,   461.52,   474.92
  731.21,   590.89,   228.46
  730.66,   588.74,   353.09
  730.17,   586.53,   477.92
  734.66,   715.08,   231.29
  734.90,   712.99,   356.17
  734.34,   710.76,   481.14
  476.48,   474.17,   348.41
  478.79,   471.07,   472.83
  481.91,   467.19,   598.82
  474.18,   599.62,   351.98
  476.25,   596.36,   476.59
  479.94,   592.80,   602.38
  471.60,   725.11,   355.79
  474.03,   721.05,   480.77
  478.06,   718.04,   605.69
  601.49,   475.88,   345.56
  603.80,   472.69,   469.97
  607.36,   469.19,   595.84
  599.77,   601.01,   349.28
  601.86,   597.83,   473.93
  605.33,   594.27,   599.39
  597.73,   725.79,   353.26
  600.07,   721.94,   478.14
  603.30,   718.80,   603.12
  726.72,   477.17,   342.89
  728.97,   473.77,   467.56
  732.67,   470.85,   593.01
  725.78,   601.85,   346.71
  728.27,   598.78,   471.50
  731.15,   595.26,   596.45
  724.60,   726.15,   350.77
  727.01,   722.96,   475.64
  729.00,   719.48,   600.60
  476.28,   476.43,   473.15
  475.67,   472.90,   599.20
  475.64,   468.77,   726.12
  478.85,   601.68,   476.57
  478.83,   598.49,   602.37
  479.69,   595.11,   728.94
  481.83,   726.27,   480.40
  482.10,   723.66,   605.33
  483.02,   721.57,   730.33
  601.31,   472.82,   473.90
  601.14,   469.64,   599.85
  601.74,   465.80,   726.61
  604.52,   597.91,   477.50
  604.27,   594.70,   603.01
  604.96,   591.15,   729.17
  607.95,   721.94,   481.35
  607.37,   719.18,   606.37
  607.23,   716.68,   731.55
  726.45,   468.67,   475.06
  726.52,   466.14,   600.63
  727.43,   463.35,   726.48
  730.88,   593.64,   478.64
  730.06,   590.49,   603.63
  729.90,   587.01,   728.80
  734.85,   717.83,   482.42
  733.03,   714.63,   607.41
  731.37,   711.04,   732.65
  474.89,   475.30,   599.34
  476.48,   474.89,   726.32
  477.64,   475.01,   852.07
  477.98,   600.93,   598.74
  480.41,   601.31,   725.27
  482.06,   601.61,   851.37
  481.19,   726.06,   598.02
  483.64,   727.71,   722.94
  485.35,   728.34,   849.08
  600.34,   472.07,   598.51
  602.53,   471.94,   725.29
  603.75,   471.66,   850.48
  603.41,   597.17,   597.93
  605.61,   597.33,   724.07
  607.11,   597.50,   849.65
  606.52,   721.64,   597.59
  607.85,   722.85,   722.76
  609.33,   723.70,   848.65
  725.71,   468.58,   597.82
  728.18,   469.46,   723.66
  729.04,   469.04,   847.67
  729.24,   592.99,   597.13
  730.53,   593.14,   722.32
  731.50,   593.44,   846.90
  732.28,   717.19,   597.19
  732.07,   717.29,   722.48
  733.03,   718.23,   848.09
  475.13,   598.25,    99.66
  471.45,   596.16,   224.78
  466.36,   594.44,   348.68
  474.70,   724.52,   101.69
  470.90,   722.86,   226.29
  465.72,   720.05,   350.99
  474.59,   849.78,   103.57
  470.17,   848.66,   227.95
  466.41,   844.71,   353.09
  600.35,   597.46,   103.41
  596.88,   595.43,   228.30
  591.80,   593.84,   352.27
  599.87,   723.06,   105.34
  596.68,   721.19,   230.19
  591.70,   718.70,   354.77
  600.34,   848.86,   107.20
  596.18,   847.21,   232.71
  592.03,   843.08,   357.10
  724.83,   596.51,   106.90
  721.81,   594.24,   231.49
  717.73,   592.70,   356.03
  724.46,   720.77,   108.84
  721.99,   718.65,   233.80
  718.54,   717.02,   358.61
  725.68,   847.21,   111.15
  722.70,   844.63,   237.16
  718.31,   841.52,   361.58
  477.36,   600.83,   227.06
  474.73,   598.96,   351.02
  472.89,   597.00,   475.68
  473.21,   727.49,   228.68
  470.56,   724.47,   353.46
  469.07,   721.72,   478.49
  469.00,   853.14,   230.43
  467.84,   849.01,   355.64
  466.93,   845.62,   481.37
  602.79,   603.62,   228.13
  600.27,   601.86,   352.21
  598.46,   599.99,   476.94
  599.03,   729.38,   230.17
  596.63,   726.63,   354.82
  595.04,   724.10,   479.76
  594.99,   855.34,   232.78
  593.47,   850.98,   357.19
  592.65,   847.82,   482.25
  727.69,   605.86,   228.89
  726.30,   604.21,   353.54
  724.89,   602.45,   478.40
  724.38,   730.36,   231.38
  723.51,   728.50,   356.25
  721.93,   726.59,   481.18
  721.58,   856.45,   234.91
  719.58,   853.07,   359.32
  717.98,   850.93,   483.83
  474.37,   599.54,   347.55
  475.93,   597.04,   472.15
  479.11,   594.25,   597.93
  469.85,   725.06,   350.61
  471.76,   721.73,   475.61
  475.28,   719.43,   600.56
  466.76,   849.59,   353.43
  469.29,   845.59,   479.13
  472.22,   843.82,   603.70
  599.92,   602.84,   345.34
  601.51,   600.42,   470.00
  604.48,   597.63,   595.45
  595.91,   727.65,   348.57
  597.75,   724.51,   473.47
  600.52,   722.12,   598.48
  592.35,   852.04,   351.58
  594.99,   848.20,   476.58
  597.16,   846.68,   601.85
  725.89,   605.57,   343.24
  727.93,   603.27,   468.07
  730.30,   600.51,   593.03
  722.72,   729.87,   346.59
  724.67,   727.41,   471.48
  726.22,   724.73,   596.47
  718.48,   854.50,   350.35
  720.32,   851.71,   474.79
  722.17,   849.89,   599.93
  475.44,   601.15,   473.53
  478.58,   601.76,   599.33
  482.68,   602.26,   725.83
  478.10,   725.82,   473.49
  481.53,   726.90,   598.46
  485.63,   728.67,   723.35
  482.57,   849.61,   473.43
  485.33,   851.16,   598.23
  488.48,   853.64,   721.71
  601.06,   597.67,   471.35
  603.98,   598.25,   596.86
  607.83,   598.52,   722.94
  604.19,   721.77,   471.32
  606.84,   722.71,   596.38
  609.79,   724.02,   721.52
  608.16,   845.46,   470.92
  610.26,   847.21,   596.27
  612.31,   849.71,   720.93
  727.42,   593.68,   469.39
  729.81,   594.31,   594.41
  732.71,   594.56,   719.55
  731.16,   717.89,   469.30
  732.61,   718.52,   594.32
  734.02,   718.72,   719.60
  733.68,   842.27,   469.19
  735.36,   843.70,   594.30
  737.10,   845.05,   719.85
  473.04,   602.33,   598.96
  477.10,   605.70,   725.38
  480.40,   609.00,   851.39
  471.32,   727.48,   595.34
  475.42,   732.08,   720.11
  478.78,   735.71,   846.10
  470.48,   851.69,   592.38
  473.72,   856.89,   715.75
  476.57,   860.70,   840.73
  598.42,   603.42,   596.46
  602.24,   606.56,   722.48
  605.38,   609.74,   848.04
  596.62,   727.91,   593.23
  599.61,   732.18,   718.24
  602.70,   736.04,   844.04
  595.52,   852.31,   590.38
  597.62,   857.74,   714.89
  600.64,   862.01,   839.70
  724.29,   604.03,   594.00
  727.05,   607.03,   719.12
  729.65,   610.29,   843.80
  722.40,   728.27,   591.19
  723.80,   731.46,   716.45
  726.32,   735.36,   842.18
  720.57,   853.36,   588.35
  722.46,   857.91,   713.75
  725.54,   862.77,   839.50
  597.90,    99.02,    99.83
  601.20,    99.02,   224.55
  604.75,    98.58,   349.76
  597.02,   223.83,   100.09
  599.95,   223.94,   224.56
  603.80,   223.85,   349.23
  597.52,   348.33,    99.92
  600.41,   348.63,   224.81
  603.28,   348.85,   348.74
  723.31,    99.25,    95.76
  725.76,    99.75,   220.97
  729.88,    99.82,   346.33
  722.84,   223.91,    96.18
  725.00,   224.16,   220.99
  729.33,   224.34,   345.34
  722.70,   349.38,    96.32
  725.65,   349.52,   221.17
  728.32,   349.34,   345.21
  848.31,   100.20,    92.20
  850.75,   100.34,   217.20
  855.17,   100.73,   342.16
  847.91,   224.29,    92.93
  850.52,   224.44,   217.95
  854.40,   225.00,   341.57
  847.00,   350.29,    93.08
  850.76,   349.97,   217.99
  853.47,   349.87,   342.36
  600.21,   100.24,   226.04
  597.53,   103.09,   351.21
  594.75,   106.29,   476.26
  602.89,   225.08,   222.82
  600.52,   228.29,   347.44
  598.20,   231.35,   472.55
  607.31,   349.71,   219.86
  603.93,   353.20,   343.77
  601.04,   356.59,   468.41
  724.83,    97.21,   228.79
  722.71,   100.43,   354.12
  720.22,   103.50,   479.64
  727.91,   221.47,   225.51
  726.04,   224.95,   349.88
  723.37,   228.70,   475.65
  732.44,   346.75,   222.47
  728.92,   349.85,   346.50
  725.90,   353.41,   471.60
  849.90,    94.04,   231.25
  847.98,    97.65,   356.38
  845.40,   101.05,   481.99
  853.37,   217.94,   228.67
  851.16,   221.83,   352.31
  848.65,   226.02,   477.61
  857.48,   343.30,   225.62
  854.00,   346.56,   349.91
  850.60,   350.38,   474.97
  597.95,   101.24,   349.57
  595.22,   102.97,   474.64
  592.28,   105.05,   599.43
  600.27,   226.49,   347.29
  598.03,   228.05,   472.44
  595.17,   229.77,   597.79
  603.03,   351.44,   345.07
  600.22,   353.33,   469.77
  597.83,   355.12,   595.68
  723.12,    99.22,   352.37
  720.72,   100.78,   477.91
  717.56,   103.54,   603.25
  725.82,   223.77,   349.61
  723.22,   226.03,   475.42
  719.87,   228.78,   601.78
  728.04,   348.71,   347.69
  725.11,   350.79,   472.84
  722.97,   353.63,   599.12
  848.42,    97.04,   354.51
  845.90,    98.94,   480.17
  843.08,   101.50,   606.11
  850.95,   221.27,   351.92
  848.53,   223.97,   477.24
  845.63,   226.78,   604.00
  853.13,   346.04,   350.98
  849.81,   348.39,   476.07
  847.51,   351.37,   601.97
  599.06,    98.95,   473.59
  598.60,    99.19,   598.45
  598.08,    99.46,   723.14
  596.58,   224.00,   473.26
  596.19,   223.85,   598.64
  595.14,   224.23,   723.77
  593.50,   349.30,   472.42
  593.57,   349.13,   598.37
  593.74,   348.78,   724.69
  724.59,   102.00,   474.33
  723.95,   102.85,   599.75
  722.87,   104.21,   724.72
  721.80,   227.23,   473.67
  720.93,   228.10,   600.08
  720.55,   229.13,   726.28
  718.40,   352.02,   472.92
  718.74,   352.93,   599.26
  719.64,   353.56,   725.63
  849.87,   105.47,   473.87
  849.49,   106.03,   599.94
  848.39,   107.83,   725.76
  847.06,   230.37,   472.98
  846.71,   231.29,   599.71
  846.54,   232.10,   726.86
  843.11,   354.82,   473.66
  843.30,   355.94,   599.57
  844.11,   356.63,   725.54
  597.58,    98.44,   599.98
  596.60,    96.53,   724.64
  595.78,    94.47,   849.42
  599.27,   223.13,   602.39
  597.68,   221.40,   727.49
  596.20,   219.76,   852.47
  600.82,   348.43,   604.35
  600.47,   345.96,   730.63
  599.42,   343.51,   855.49
  723.03,    97.99,   601.73
  721.48,    97.10,   726.53
  720.56,    93.13,   850.85
  724.00,   223.30,   604.35
  723.07,   222.20,   730.52
  722.42,   220.32,   856.17
  725.99,   348.18,   605.77
  726.34,   346.66,   732.11
  725.45,   343.62,   856.38
  848.57,    96.97,   602.53
  846.84,    96.76,   728.05
  845.50,    92.51,   852.41
  849.92,   222.34,   604.42
  849.15,   221.02,   731.60
  848.55,   219.15,   858.26
  850.57,   346.99,   606.50
  850.72,   345.40,   732.53
  849.60,   342.28,   856.74
  600.62,   226.01,   100.58
  599.28,   229.51,   225.07
  598.84,   232.81,   349.69
  598.96,   350.45,    96.98
  597.63,   354.10,   221.93
  596.19,   357.73,   345.84
  596.68,   475.28,    93.39
  595.62,   478.83,   218.73
  593.32,   482.78,   342.38
  726.37,   228.27,   100.90
  724.39,   231.93,   225.66
  724.35,   235.46,   350.00
  724.15,   353.69,    97.60
  722.87,   357.21,   222.44
  721.19,   360.41,   346.48
  721.25,   478.81,    94.27
  720.68,   482.14,   219.08
  718.54,   485.52,   343.32
  851.38,   230.87,   101.95
  849.93,   234.39,   226.74
  849.47,   238.29,   350.44
  848.51,   356.77,    98.57
  847.96,   359.87,   223.40
  846.34,   363.10,   347.82
  845.34,   482.31,    95.08
  845.39,   485.05,   219.77
  843.95,   488.06,   344.80
  597.20,   223.60,   226.59
  598.04,   226.91,   351.26
  598.91,   230.09,   476.40
  596.97,   348.23,   223.43
  596.84,   351.86,   347.37
  597.15,   355.36,   472.06
  596.47,   472.98,   220.23
  595.44,   476.93,   343.89
  595.18,   480.80,   468.31
  722.30,   224.51,   225.96
  723.60,   228.08,   350.36
  724.12,   231.97,   476.14
  722.23,   349.80,   222.75
  721.89,   353.04,   346.79
  722.06,   356.70,   471.89
  721.58,   474.80,   219.39
  720.68,   478.18,   343.63
  720.44,   481.82,   468.31
  847.85,   225.47,   225.84
  848.76,   229.43,   349.53
  849.40,   233.72,   474.77
  847.39,   350.94,   222.51
  847.06,   354.23,   346.89
  846.81,   358.14,   471.98
  846.33,   476.21,   218.91
  846.10,   479.23,   343.93
  845.68,   482.95,   468.95
  598.10,   224.77,   348.86
  596.74,   222.56,   474.05
  594.74,   220.55,   599.38
  596.75,   349.75,   350.28
  594.86,   347.87,   475.05
  593.33,   345.84,   600.99
  595.13,   474.88,   352.07
  592.74,   473.35,   476.60
  591.53,   471.42,   602.62
  723.66,   226.08,   350.26
  721.96,   224.59,   476.11
  719.47,   223.60,   602.49
  721.77,   351.05,   351.99
  719.77,   349.40,   477.20
  718.53,   348.48,   603.55
  720.32,   476.23,   354.13
  717.93,   474.55,   478.88
  716.99,   473.24,   604.49
  848.82,   227.58,   351.71
  847.28,   226.55,   477.03
  845.29,   225.63,   603.79
  846.90,   352.40,   354.39
  844.49,   351.00,   479.52
  843.13,   350.29,   605.48
  845.72,   477.42,   356.80
  843.09,   475.86,   481.80
  841.74,   474.95,   606.61
  598.79,   225.29,   474.00
  598.67,   222.38,   599.38
  597.86,   220.03,   724.48
  599.37,   350.58,   475.96
  599.74,   347.67,   601.94
  600.17,   344.60,   728.21
  599.71,   476.05,   478.48
  600.43,   473.22,   604.49
  601.90,   469.73,   731.25
  724.04,   224.87,   474.14
  723.40,   222.98,   600.54
  723.23,   221.28,   726.70
  724.30,   349.65,   476.21
  724.91,   347.86,   602.57
  726.03,   345.75,   728.92
  724.94,   474.78,   478.87
  725.87,   472.58,   604.45
  727.61,   470.12,   730.25
  849.39,   224.37,   473.10
  849.31,   222.50,   599.80
  849.32,   220.56,   726.95
  849.05,   348.82,   476.60
  849.50,   347.14,   602.52
  850.45,   344.96,   728.57
  850.10,   473.68,   479.91
  850.52,   471.86,   604.70
  851.57,   469.68,   729.31
  599.52,   223.08,   600.48
  602.25,   222.86,   725.64
  605.12,   222.72,   850.72
  600.79,   348.40,   600.91
  604.80,   347.46,   727.21
  608.17,   346.46,   852.11
  601.64,   473.97,   601.32
  606.65,   472.63,   728.03
  610.60,   471.13,   853.02
  724.22,   223.48,   598.10
  727.61,   223.90,   724.30
  731.34,   223.57,   850.12
  725.87,   348.37,   597.99
  730.54,   348.42,   724.33
  734.13,   346.93,   848.75
  726.97,   473.12,   597.77
  732.22,   472.79,   723.51
  735.85,   471.18,   847.40
  850.08,   222.79,   593.78
  853.61,   222.85,   720.84
  857.28,   222.42,   847.62
  850.37,   347.43,   594.42
  854.79,   347.33,   720.41
  858.03,   345.75,   844.83
  851.57,   472.17,   594.60
  856.06,   472.12,   719.17
  859.07,   470.37,   842.81
  602.75,   350.72,   100.34
  605.44,   352.26,   225.23
  608.06,   353.71,   349.15
  601.83,   475.61,    99.03
  604.70,   477.08,   224.20
  606.48,   478.85,   347.88
  599.57,   600.92,    97.76
  602.95,   602.22,   222.75
  604.64,   603.98,   346.80
  727.89,   352.61,    96.94
  730.67,   353.98,   221.77
  733.09,   355.01,   345.83
  726.31,   477.81,    95.82
  729.77,   479.01,   220.58
  731.73,   480.19,   344.89
  723.94,   602.16,    94.62
  727.80,   603.07,   219.25
  730.64,   604.87,   343.87
  852.14,   354.34,    93.92
  855.75,   355.24,   218.82
  858.25,   356.38,   343.25
  850.32,   479.98,    92.64
  854.47,   480.56,   217.38
  857.12,   481.40,   342.48
  848.37,   604.32,    91.25
  852.25,   604.72,   215.52
  855.88,   606.16,   340.84
  602.04,   348.86,   224.66
  604.74,   347.28,   348.60
  607.96,   345.57,   473.37
  604.01,   473.69,   226.58
  605.84,   472.41,   350.24
  608.54,   471.02,   474.74
  604.95,   598.82,   228.08
  606.70,   597.56,   352.12
  609.17,   596.20,   476.82
  727.26,   347.94,   221.17
  729.78,   345.96,   345.21
  732.83,   344.44,   470.37
  729.09,   473.00,   222.94
  731.06,   471.13,   347.21
  733.69,   469.55,   471.95
  729.86,   597.10,   224.55
  732.69,   595.88,   349.16
  735.54,   594.60,   474.00
  852.36,   346.57,   218.16
  854.93,   344.70,   342.49
  857.56,   343.43,   467.50
  853.83,   471.92,   219.73
  856.44,   469.73,   344.78
  858.79,   468.30,   469.83
  854.39,   596.17,   220.85
  857.94,   594.53,   346.20
  860.84,   593.10,   471.41
  601.49,   350.45,   349.48
  598.52,   351.32,   474.23
  595.93,   352.08,   600.17
  603.42,   475.58,   348.64
  599.90,   476.80,   473.13
  597.59,   477.67,   599.07
  605.11,   600.72,   348.02
  601.28,   601.94,   472.72
  598.84,   602.79,   598.20
  726.50,   348.28,   352.27
  723.41,   349.39,   477.48
  721.10,   351.23,   603.80
  728.58,   473.46,   351.76
  725.09,   474.51,   476.51
  723.03,   475.97,   602.04
  731.06,   598.20,   351.24
  727.70,   599.52,   476.08
  724.70,   600.38,   601.09
  851.59,   346.19,   355.72
  848.11,   347.56,   480.86
  845.67,   349.57,   606.80
  853.92,   471.20,   355.54
  850.19,   472.41,   480.53
  847.72,   474.24,   605.28
  856.33,   596.02,   354.49
  853.11,   597.18,   479.63
  849.75,   598.33,   604.14
  601.28,   351.03,   472.19
  599.08,   348.66,   598.12
  596.95,   346.07,   724.38
  599.85,   476.50,   474.17
  597.95,   474.21,   600.12
  596.83,   471.24,   726.89
  598.39,   601.65,   476.83
  596.41,   599.35,   602.34
  595.39,   596.75,   728.51
  726.17,   351.82,   475.04
  724.24,   350.54,   601.35
  722.82,   348.93,   727.68
  725.06,   476.96,   477.16
  723.40,   475.28,   602.70
  722.57,   473.30,   728.52
  724.83,   601.98,   479.81
  722.24,   599.69,   604.81
  720.29,   597.06,   730.03
  850.88,   352.73,   478.08
  848.81,   351.58,   603.94
  847.26,   349.97,   729.93
  850.21,   477.59,   480.80
  848.10,   476.28,   605.54
  846.63,   474.65,   730.11
  850.34,   602.38,   482.95
  847.32,   600.36,   607.46
  844.46,   598.19,   731.73
  600.40,   351.53,   598.97
  597.58,   350.02,   725.25
  594.10,   348.50,   850.21
  598.87,   477.09,   599.83
  597.03,   475.22,   726.60
  594.18,   473.26,   851.81
  596.92,   602.22,   600.93
  595.15,   600.75,   727.07
  592.63,   599.27,   852.70
  725.55,   353.81,   602.91
  723.46,   353.28,   729.21
  720.13,   351.21,   853.49
  724.31,   478.54,   603.13
  722.74,   477.63,   728.91
  719.50,   475.47,   852.88
  722.74,   602.94,   604.15
  720.00,   601.39,   729.36
  717.00,   600.08,   853.97
  850.08,   355.24,   606.23
  847.83,   354.71,   732.13
  844.22,   352.51,   856.15
  848.99,   479.94,   606.68
  846.78,   479.38,   731.21
  842.94,   477.04,   854.59
  847.81,   604.01,   607.51
  844.16,   602.89,   731.80
  840.78,   601.51,   856.08
  600.67,   476.21,    99.82
  599.05,   474.43,   225.01
  596.39,   472.97,   348.70
  601.19,   601.51,   101.80
  600.02,   599.61,   226.75
  597.21,   598.15,   350.80
  601.31,   727.08,   103.58
  600.42,   725.36,   228.51
  597.75,   722.96,   353.15
  725.30,   475.67,   101.06
  724.14,   473.67,   225.84
  721.58,   471.63,   350.10
  725.68,   599.98,   103.06
  724.97,   597.80,   227.71
  723.21,   596.40,   352.32
  725.94,   724.26,   104.84
  725.74,   722.21,   229.87
  724.64,   720.72,   354.74
  849.41,   475.07,   102.27
  848.95,   472.47,   227.09
  846.98,   470.11,   352.11
  850.08,   599.37,   103.97
  849.59,   596.69,   228.51
  848.62,   594.89,   353.88
  850.82,   723.55,   106.02
  849.95,   720.84,   230.28
  850.03,   719.88,   355.37
  601.14,   476.49,   226.38
  600.17,   475.66,   350.09
  600.06,   474.73,   474.62
  603.97,   601.61,   227.45
  602.89,   600.79,   351.54
  602.51,   599.86,   476.29
  606.25,   727.28,   228.58
  605.35,   725.52,   353.26
  605.19,   723.95,   478.21
  726.22,   473.88,   225.51
  725.37,   472.47,   349.80
  725.24,   471.35,   474.57
  728.89,   597.96,   226.70
  728.89,   597.19,   351.36
  728.92,   596.36,   476.23
  731.50,   722.29,   228.20
  732.21,   721.47,   353.11
  732.13,   720.57,   478.08
  850.99,   470.86,   225.07
  850.74,   469.13,   350.13
  850.34,   468.16,   475.18
  853.47,   595.10,   225.80
  854.20,   593.90,   351.20
  854.32,   592.92,   476.39
  855.61,   719.27,   226.83
  857.36,   718.91,   351.90
  858.05,   718.54,   477.27
  599.90,   475.44,   347.71
  602.62,   472.36,   472.14
  606.58,   468.97,   598.02
  599.27,   600.58,   351.30
  601.77,   597.51,   475.95
  605.66,   594.06,   601.42
  598.35,   725.35,   355.14
  601.09,   721.63,   480.02
  604.72,   718.61,   605.00
  725.12,   475.64,   344.62
  727.78,   472.35,   469.29
  731.89,   469.56,   594.77
  725.29,   600.34,   348.31
  728.17,   597.38,   473.10
  731.46,   593.98,   598.04
  725.23,   724.65,   352.23
  728.03,   721.58,   477.10
  730.41,   718.20,   602.05
  850.52,   475.68,   342.11
  852.93,   472.51,   467.12
  856.45,   470.06,   591.88
  850.63,   600.40,   345.28
  853.62,   597.31,   470.44
  856.42,   594.23,   594.95
  850.53,   725.33,   348.27
  854.06,   722.92,   473.50
  856.01,   719.19,   598.64
  600.46,   476.88,   475.48
  604.76,   475.81,   601.42
  609.88,   474.14,   728.11
  602.43,   602.01,   476.89
  606.62,   600.89,   602.37
  611.69,   599.47,   728.41
  604.62,   726.09,   478.54
  608.50,   725.41,   603.55
  612.65,   725.02,   728.68
  725.62,   474.00,   472.27
  730.07,   473.53,   597.78
  735.40,   472.88,   723.49
  728.82,   599.01,   473.67
  732.40,   597.93,   598.65
  736.49,   596.50,   723.72
  731.53,   723.23,   475.26
  734.17,   722.18,   600.26
  736.79,   720.68,   725.52
  850.72,   471.29,   469.73
  854.60,   471.18,   594.53
  859.14,   470.75,   719.09
  854.21,   596.09,   470.67
  857.33,   595.35,   595.21
  860.56,   594.56,   719.40
  857.45,   721.74,   471.26
  859.77,   720.40,   596.46
  861.47,   718.36,   721.76
  601.48,   476.86,   599.26
  601.32,   479.08,   726.00
  600.18,   481.17,   851.19
  598.92,   601.95,   596.31
  598.75,   604.53,   722.39
  597.93,   607.14,   848.05
  596.47,   726.45,   593.60
  595.51,   730.20,   718.64
  594.67,   733.50,   844.46
  726.91,   478.92,   600.84
  726.98,   482.07,   726.55
  725.43,   484.00,   850.50
  724.81,   603.31,   597.84
  723.60,   605.75,   723.02
  722.23,   608.47,   847.74
  722.22,   727.56,   595.55
  719.68,   730.22,   720.83
  718.33,   733.64,   846.55
  851.59,   480.93,   602.71
  850.96,   484.40,   727.17
  848.83,   486.19,   850.65
  849.90,   604.99,   599.55
  847.80,   607.89,   723.85
  846.00,   610.57,   848.30
  847.94,   730.04,   597.04
  844.34,   731.74,   722.54
  842.48,   734.90,   848.34
  601.92,   601.67,    99.23
  599.21,   598.50,   224.18
  594.77,   595.80,   348.17
  599.07,   727.23,   102.25
  596.59,   724.28,   227.12
  592.26,   720.65,   351.69
  597.24,   852.97,   105.14
  593.68,   850.29,   230.64
  590.17,   845.03,   355.03
  726.37,   603.05,   102.21
  724.08,   599.62,   226.81
  720.70,   596.99,   351.36
  723.70,   727.33,   105.18
  721.88,   724.07,   230.18
  719.09,   721.30,   354.98
  722.64,   853.82,   108.52
  720.23,   850.12,   234.60
  716.41,   845.82,   358.99
  850.75,   605.32,   104.77
  848.65,   601.40,   229.27
  846.11,   598.39,   354.59
  848.52,   729.45,   108.06
  846.11,   725.51,   232.33
  844.59,   723.32,   357.36
  847.37,   855.04,   111.82
  844.68,   850.95,   236.93
  842.06,   848.55,   361.31
  599.90,   599.25,   225.56
  599.71,   601.31,   349.62
  600.20,   603.24,   474.36
  601.01,   725.00,   223.77
  600.97,   726.11,   348.44
  601.68,   727.34,   473.38
  601.89,   851.07,   222.62
  602.55,   850.59,   347.09
  604.07,   851.06,   472.01
  724.84,   596.78,   223.96
  725.72,   598.86,   348.58
  726.67,   600.90,   473.45
  726.23,   721.15,   222.55
  727.82,   723.16,   347.45
  728.66,   725.09,   472.42
  728.38,   847.29,   222.21
  728.87,   847.83,   346.84
  729.48,   849.50,   471.33
  849.42,   595.02,   222.19
  851.07,   596.71,   347.54
  852.15,   598.62,   472.73
  850.37,   719.14,   220.41
  853.04,   721.65,   345.43
  854.69,   724.26,   470.74
  852.53,   844.54,   220.16
  854.23,   846.98,   344.54
  855.83,   849.89,   469.33
  599.65,   600.41,   347.85
  601.62,   602.40,   472.55
  604.96,   604.02,   598.03
  596.62,   725.27,   346.66
  598.81,   726.51,   471.59
  601.92,   728.53,   596.62
  593.93,   849.80,   345.29
  596.97,   850.23,   470.23
  599.53,   853.03,   595.59
  725.63,   602.15,   345.28
  728.07,   604.25,   470.13
  730.80,   605.87,   595.12
  723.42,   726.47,   344.18
  725.75,   728.42,   469.12
  727.63,   730.16,   594.14
  720.19,   851.18,   343.57
  722.32,   852.75,   468.00
  724.55,   855.35,   593.13
  850.94,   604.21,   342.64
  853.54,   606.19,   467.85
  855.81,   608.10,   592.45
  848.67,   729.08,   340.65
  851.85,   731.85,   465.89
  853.39,   733.31,   591.15
  845.58,   854.30,   340.07
  848.46,   857.20,   464.71
  850.70,   859.15,   589.75
  598.68,   602.47,   476.14
  597.50,   600.29,   601.66
  597.28,   597.82,   727.82
  600.68,   726.55,   478.97
  599.23,   724.85,   603.99
  598.20,   723.51,   729.11
  603.60,   850.27,   481.44
  601.50,   849.46,   606.74
  599.56,   849.23,   731.18
  725.12,   599.60,   478.25
  723.34,   597.45,   603.27
  722.20,   594.94,   728.50
  727.60,   723.78,   481.03
  724.88,   721.67,   606.04
  722.32,   719.23,   731.32
  728.96,   848.21,   483.74
  726.53,   846.94,   608.90
  724.21,   845.67,   734.41
  850.59,   596.79,   480.56
  848.41,   594.94,   605.08
  846.42,   592.95,   729.34
  853.63,   722.40,   482.43
  850.46,   719.79,   607.66
  846.86,   716.59,   733.00
  855.35,   848.10,   484.78
  852.72,   845.82,   610.12
  849.91,   842.77,   736.40
  599.61,   599.75,   601.06
  599.30,   598.83,   727.22
  598.22,   597.90,   852.83
  596.83,   724.34,   601.78
  595.75,   724.57,   726.91
  594.73,   724.27,   852.84
  594.67,   848.93,   602.91
  592.69,   850.29,   727.32
  591.58,   850.31,   852.42
  725.44,   601.38,   602.80
  724.14,   600.39,   728.01
  722.58,   599.63,   852.63
  722.47,   725.65,   603.97
  719.83,   724.81,   729.28
  718.44,   724.80,   854.91
  719.67,   850.92,   605.18
  717.36,   851.36,   730.64
  716.30,   852.18,   856.50
  850.49,   603.35,   604.72
  848.28,   602.83,   729.03
  846.35,   602.00,   853.39
  848.11,   728.32,   605.72
  844.38,   726.57,   731.21
  842.60,   726.41,   856.85
  845.78,   854.26,   606.59
  843.18,   853.03,   732.74
  842.01,   853.54,   859.47
