27, 125, pa2-unknown-j-output1.txt
  192.21,   196.21,   192.79
  403.99,   403.73,   199.26
   98.68,   102.00,   101.33
   95.25,   101.32,   226.49
   92.19,   101.38,   350.74
  101.80,   226.94,   102.00
   98.71,   226.81,   226.99
   95.65,   226.63,   351.64
  104.48,   351.91,   102.41
  101.64,   351.43,   227.14
   99.05,   350.83,   351.84
  223.10,    98.71,   104.30
  219.90,    98.37,   229.41
  217.50,    98.25,   354.04
  226.55,   224.01,   105.23
  223.86,   223.70,   230.41
  220.40,   223.44,   354.54
  229.70,   348.50,   105.40
  227.05,   347.94,   230.40
  223.64,   347.66,   354.30
  348.04,    95.22,   106.74
  344.93,    94.73,   231.79
  342.25,    94.32,   356.80
  351.16,   219.91,   107.14
  347.90,   219.98,   232.54
  345.37,   219.63,   357.44
  354.49,   345.00,   107.71
  350.93,   344.60,   233.18
  348.26,   344.30,   357.67
   99.84,    98.00,   226.35
  102.80,    97.10,   350.76
  105.60,    96.20,   475.84
  101.80,   223.39,   228.09
  104.27,   222.64,   352.24
  106.61,   221.02,   476.72
  102.59,   348.04,   228.65
  105.83,   346.72,   353.26
  108.51,   345.26,   478.12
  224.73,    96.94,   223.69
  227.83,    95.95,   347.92
  230.69,    94.41,   472.90
  226.67,   221.98,   225.04
  228.90,   221.03,   349.46
  231.86,   219.42,   473.73
  227.85,   346.60,   225.96
  230.50,   345.66,   349.82
  233.16,   344.24,   474.71
  349.73,    95.49,   219.96
  352.96,    93.86,   345.19
  355.93,    92.37,   469.82
  350.90,   220.14,   221.31
  354.41,   219.16,   346.51
  357.71,   217.64,   471.44
  352.22,   345.06,   222.82
  355.13,   344.21,   347.28
  358.24,   342.74,   472.19
   99.15,   101.09,   351.49
  102.36,   105.08,   476.15
  105.19,   108.37,   601.41
   97.65,   226.36,   347.87
  100.24,   230.02,   472.71
  103.31,   233.17,   597.97
   96.54,   350.50,   344.21
   99.51,   354.08,   469.06
  101.99,   357.68,   594.32
  224.59,   102.63,   348.85
  227.55,   106.06,   473.14
  230.06,   109.48,   598.39
  222.68,   228.01,   345.15
  225.63,   231.24,   469.26
  228.39,   234.08,   594.28
  221.47,   352.27,   340.70
  223.80,   356.05,   465.36
  226.93,   359.10,   591.29
  349.43,   103.78,   345.58
  352.55,   106.93,   470.41
  355.26,   110.88,   595.08
  348.01,   228.75,   341.91
  351.15,   232.68,   466.92
  353.93,   235.59,   591.63
  345.83,   353.75,   338.18
  349.14,   357.20,   463.02
  352.21,   360.90,   588.05
  100.91,   101.57,   475.25
   98.24,    97.64,   600.62
   96.02,    93.62,   725.92
   99.88,   226.41,   478.78
   97.15,   222.55,   603.86
   94.79,   218.01,   729.12
   99.89,   350.82,   482.21
   96.68,   347.47,   607.10
   93.82,   343.80,   732.13
  226.29,   101.65,   478.20
  223.28,    98.05,   603.36
  219.74,    95.05,   728.40
  224.87,   226.93,   481.20
  221.91,   222.73,   606.43
  219.50,   218.66,   731.90
  224.28,   351.57,   484.12
  221.56,   347.65,   610.39
  219.17,   343.82,   736.37
  351.60,   101.76,   481.07
  348.38,    98.77,   605.65
  344.81,    95.84,   730.49
  350.77,   227.52,   484.48
  348.02,   223.68,   609.32
  344.47,   219.65,   733.88
  349.62,   352.17,   487.67
  346.82,   348.36,   612.86
  343.88,   344.55,   738.37
  101.73,   101.15,   602.02
  103.20,    98.04,   727.54
  104.03,    96.12,   852.25
   97.98,   225.72,   604.38
   99.65,   222.58,   729.49
  101.69,   220.58,   854.28
   94.63,   350.49,   606.44
   95.95,   348.33,   731.66
   98.09,   346.40,   856.16
  226.53,   104.21,   600.70
  227.45,   101.98,   725.88
  228.38,   100.57,   850.78
  222.56,   228.87,   602.36
  224.47,   225.75,   728.40
  226.42,   224.34,   853.28
  219.47,   353.58,   605.44
  221.29,   351.08,   731.47
  223.48,   349.75,   855.73
  351.53,   107.62,   599.08
  352.41,   105.45,   723.60
  354.10,   103.43,   848.81
  348.76,   232.34,   601.35
  349.24,   229.30,   726.27
  350.09,   227.28,   852.02
  344.86,   357.15,   603.69
  346.13,   354.65,   729.27
  347.27,   352.95,   854.56
   98.33,   225.89,    99.20
   99.51,   226.07,   224.41
  100.20,   227.09,   348.95
   95.98,   350.64,    98.80
   97.12,   350.86,   223.50
   98.74,   351.38,   348.33
   93.86,   475.30,    98.17
   95.50,   475.92,   222.73
   97.33,   476.16,   347.63
  223.10,   227.45,    98.19
  224.15,   228.28,   223.59
  225.12,   228.84,   348.08
  221.15,   352.21,    97.89
  222.64,   352.35,   222.56
  223.26,   353.33,   346.51
  219.57,   476.99,    97.12
  220.97,   477.71,   221.85
  221.72,   478.16,   346.04
  347.93,   228.54,    96.50
  348.90,   229.43,   221.62
  350.19,   229.90,   346.70
  346.24,   353.75,    96.23
  346.94,   354.19,   221.24
  348.03,   354.98,   346.27
  344.50,   479.06,    95.79
  344.96,   479.49,   221.26
  345.96,   480.15,   345.56
  102.38,   226.58,   224.02
  104.92,   225.64,   348.45
  107.53,   224.10,   472.96
  102.38,   351.28,   224.80
  105.51,   349.89,   349.40
  108.21,   348.48,   474.40
  102.46,   476.18,   225.77
  105.96,   474.64,   350.41
  109.27,   473.23,   475.44
  226.96,   226.66,   220.95
  229.66,   225.37,   345.32
  232.50,   223.48,   469.60
  227.67,   350.75,   221.76
  230.27,   349.81,   345.84
  232.94,   348.42,   470.61
  227.61,   476.12,   222.59
  230.52,   475.00,   346.84
  233.33,   473.72,   472.25
  351.64,   225.59,   217.25
  355.06,   224.68,   342.17
  358.47,   222.93,   467.04
  351.50,   350.58,   218.80
  354.83,   349.64,   343.16
  358.01,   347.76,   468.13
  351.90,   475.77,   220.20
  354.59,   474.74,   344.66
  358.19,   473.17,   469.28
  101.13,   224.62,   349.88
   99.39,   221.75,   474.90
   98.55,   218.86,   599.95
   98.51,   348.68,   352.35
   97.27,   346.13,   477.26
   95.93,   343.53,   602.55
   96.12,   473.26,   354.51
   95.25,   470.62,   479.82
   93.21,   468.24,   604.99
  225.92,   227.10,   351.20
  224.51,   224.15,   475.75
  223.30,   220.91,   600.51
  223.16,   351.47,   352.98
  221.84,   348.95,   477.78
  220.81,   345.79,   603.68
  220.69,   476.51,   355.11
  219.41,   474.20,   480.11
  218.35,   471.00,   606.24
  351.32,   229.45,   352.29
  350.51,   226.95,   477.09
  349.27,   223.77,   602.09
  347.74,   354.29,   354.59
  347.06,   351.70,   479.33
  346.01,   348.89,   604.75
  345.06,   479.41,   356.88
  344.05,   476.79,   481.68
  343.10,   474.05,   606.88
   97.58,   226.91,   475.91
  100.63,   228.76,   601.20
  103.72,   230.20,   726.63
   98.98,   351.15,   473.58
  101.49,   353.50,   598.76
  104.22,   355.51,   724.13
  100.46,   476.06,   471.00
  102.53,   478.44,   596.44
  104.85,   480.93,   722.03
  222.59,   225.80,   473.07
  225.55,   227.35,   598.03
  228.28,   229.18,   723.72
  223.64,   350.61,   470.39
  226.33,   352.39,   596.19
  229.36,   354.31,   722.18
  224.78,   475.93,   467.59
  227.42,   477.86,   593.92
  230.07,   479.57,   720.25
  348.57,   224.64,   470.76
  351.34,   226.95,   595.32
  353.65,   228.34,   720.37
  348.59,   349.66,   467.93
  351.53,   351.69,   593.16
  354.28,   353.66,   718.66
  349.18,   474.77,   465.14
  352.07,   476.95,   590.52
  355.22,   479.40,   716.21
   99.05,   223.96,   601.43
  102.10,   221.71,   726.84
  105.00,   221.07,   851.19
  102.01,   348.42,   602.44
  104.73,   347.38,   727.76
  108.10,   346.69,   852.22
  105.55,   473.40,   603.07
  107.93,   472.58,   728.71
  111.05,   472.07,   853.59
  223.59,   220.10,   598.31
  226.71,   218.76,   723.89
  230.12,   218.49,   849.12
  226.88,   345.08,   599.82
  230.14,   343.98,   725.72
  233.22,   343.65,   850.31
  230.34,   470.52,   600.68
  233.08,   469.27,   726.91
  235.84,   468.77,   851.75
  349.65,   217.26,   595.84
  351.85,   215.89,   720.39
  353.47,   215.02,   846.17
  352.38,   342.37,   597.02
  355.07,   340.89,   722.32
  356.90,   340.17,   847.68
  355.20,   467.58,   597.54
  357.87,   466.67,   722.96
  360.24,   465.58,   848.35
  100.97,   352.04,   100.65
   98.42,   350.89,   225.16
   96.00,   350.44,   350.14
  102.36,   476.77,   101.34
   99.85,   475.92,   225.78
   97.85,   475.14,   350.59
  104.18,   601.64,   102.10
  101.62,   601.16,   226.59
   99.62,   600.90,   351.30
  225.91,   350.36,   103.26
  223.59,   349.58,   228.35
  220.54,   348.86,   352.17
  227.63,   475.28,   103.80
  225.07,   474.33,   228.59
  222.45,   473.88,   352.68
  229.50,   600.13,   104.68
  226.84,   600.09,   229.29
  223.87,   599.89,   353.92
  350.79,   348.30,   105.33
  347.58,   348.02,   230.70
  345.38,   347.42,   355.48
  352.52,   473.61,   106.49
  349.11,   473.08,   231.52
  346.41,   472.33,   356.23
  354.11,   598.55,   107.70
  350.65,   598.17,   233.00
  347.93,   597.96,   357.23
  100.55,   348.29,   223.98
  103.81,   344.70,   348.41
  106.52,   341.35,   473.38
   97.27,   473.08,   227.29
  100.99,   469.38,   351.85
  104.18,   465.92,   476.74
   95.12,   598.27,   230.69
   98.49,   595.16,   355.39
  101.47,   591.11,   480.46
  225.63,   351.24,   221.21
  228.45,   348.01,   345.14
  230.90,   344.47,   469.64
  222.85,   476.27,   224.11
  225.81,   472.95,   348.30
  228.40,   469.50,   473.22
  219.88,   601.61,   227.93
  222.76,   598.70,   352.36
  225.60,   594.83,   477.52
  350.02,   354.39,   217.99
  352.83,   350.91,   342.55
  356.20,   347.21,   467.29
  346.75,   479.27,   221.90
  349.57,   476.23,   346.03
  352.73,   472.52,   470.86
  343.90,   604.22,   225.81
  346.68,   601.08,   350.10
  349.77,   597.61,   474.33
   98.72,   352.10,   348.43
  100.45,   354.97,   473.27
  101.99,   357.51,   598.41
   96.18,   476.89,   345.19
   98.00,   479.55,   470.38
   99.54,   482.39,   595.69
   93.48,   602.27,   342.20
   95.31,   604.88,   467.52
   96.51,   607.68,   593.18
  223.46,   355.10,   345.72
  225.10,   357.97,   470.77
  226.79,   360.19,   596.66
  220.73,   480.22,   342.56
  222.27,   483.06,   467.71
  224.13,   485.70,   593.81
  217.68,   605.86,   340.41
  219.62,   608.69,   465.51
  221.19,   611.08,   590.67
  348.18,   358.00,   344.48
  350.19,   360.69,   469.31
  352.00,   363.33,   594.38
  344.88,   483.22,   341.29
  346.84,   486.29,   465.99
  348.78,   488.71,   591.16
  341.81,   608.56,   338.82
  343.87,   611.29,   463.30
  345.75,   614.14,   588.26
   99.85,   349.30,   475.70
  103.21,   352.10,   600.97
  106.69,   355.23,   726.08
   99.33,   473.73,   472.65
  102.09,   477.19,   597.50
  105.33,   480.45,   723.16
   98.64,   599.49,   469.43
  101.29,   602.37,   594.72
  104.16,   605.31,   720.69
  224.34,   350.62,   471.42
  227.85,   353.06,   597.47
  231.58,   355.71,   723.65
  223.62,   475.45,   468.25
  227.00,   478.30,   594.40
  230.56,   481.06,   720.47
  222.85,   601.36,   465.49
  226.15,   603.67,   590.97
  229.37,   606.04,   716.87
  349.50,   351.38,   468.47
  353.03,   354.28,   593.98
  356.51,   357.11,   719.22
  348.19,   476.69,   464.98
  351.79,   479.41,   590.36
  355.19,   482.52,   716.14
  346.93,   601.83,   462.04
  350.48,   604.89,   586.83
  353.99,   607.47,   712.47
  101.52,   351.00,   600.56
  102.22,   348.24,   725.90
  103.64,   346.04,   850.16
  100.34,   475.88,   602.92
  100.68,   473.34,   728.21
  102.04,   471.25,   853.27
   98.69,   601.23,   605.99
   98.58,   598.43,   731.40
   99.63,   596.28,   856.35
  226.45,   352.34,   599.83
  227.47,   349.31,   726.02
  228.69,   347.51,   850.73
  224.93,   477.89,   602.41
  226.07,   474.72,   728.67
  226.71,   472.60,   853.49
  223.58,   602.97,   605.02
  224.00,   599.71,   730.84
  224.90,   596.99,   855.75
  351.77,   354.00,   598.94
  352.56,   351.11,   724.44
  352.65,   348.86,   849.71
  349.86,   479.58,   601.39
  350.70,   476.86,   726.93
  351.07,   474.26,   852.46
  348.06,   604.51,   603.39
  348.74,   601.85,   729.32
  349.44,   599.26,   854.46
  100.24,   475.12,   100.79
  101.08,   476.63,   225.06
  102.14,   478.32,   349.83
  103.31,   600.10,    99.06
  104.17,   601.91,   223.61
  105.27,   603.88,   348.35
  105.97,   725.92,    97.87
  107.04,   727.00,   222.76
  107.68,   729.26,   347.01
  226.01,   472.51,   100.21
  226.63,   474.04,   224.80
  226.77,   476.31,   349.05
  228.68,   597.62,    98.34
  229.20,   599.94,   223.11
  229.31,   601.96,   347.85
  230.73,   723.17,    96.99
  231.09,   724.83,   222.68
  231.76,   727.30,   347.41
  350.75,   470.30,    99.46
  350.64,   471.82,   224.64
  350.90,   473.87,   349.27
  353.42,   594.95,    98.00
  352.98,   596.82,   223.58
  353.18,   599.01,   347.71
  355.84,   719.50,    96.35
  355.59,   721.49,   221.88
  355.80,   723.57,   346.75
   98.83,   475.37,   224.08
   96.96,   477.22,   348.94
   94.64,   479.05,   473.88
   96.44,   600.66,   222.11
   94.45,   603.04,   346.63
   92.07,   604.61,   471.70
   93.82,   725.67,   220.74
   91.60,   728.15,   344.75
   88.75,   730.51,   469.75
  224.25,   478.38,   226.56
  221.89,   480.82,   350.77
  218.84,   482.74,   475.92
  221.32,   603.96,   224.64
  219.03,   606.40,   348.96
  216.29,   608.30,   474.33
  218.40,   729.18,   223.43
  216.20,   731.78,   348.27
  213.48,   733.73,   473.12
  348.47,   481.33,   229.55
  345.65,   483.73,   353.79
  343.67,   485.64,   478.54
  345.44,   606.32,   227.85
  342.99,   608.97,   352.04
  340.70,   611.17,   476.51
  342.75,   731.06,   225.94
  339.65,   733.34,   350.61
  337.35,   735.90,   474.74
  102.05,   475.97,   348.52
  103.42,   474.23,   473.76
  104.26,   472.65,   598.84
  103.81,   601.45,   350.07
  105.11,   599.58,   475.20
  105.48,   597.52,   600.87
  105.11,   727.00,   352.44
  105.67,   725.84,   477.20
  106.81,   723.26,   602.66
  226.72,   475.21,   346.76
  227.65,   473.72,   471.81
  229.05,   471.34,   597.89
  228.01,   600.92,   348.93
  229.42,   599.15,   473.72
  230.22,   596.94,   599.37
  229.54,   726.21,   351.70
  230.56,   724.46,   476.15
  231.71,   721.63,   600.87
  350.90,   474.11,   345.87
  352.67,   472.31,   470.61
  354.06,   470.51,   596.09
  352.23,   599.23,   347.81
  353.65,   597.70,   472.45
  355.00,   595.74,   597.38
  352.92,   723.90,   350.19
  354.55,   722.53,   474.08
  356.02,   720.40,   598.71
   99.71,   474.27,   474.45
   98.00,   478.13,   599.51
   96.42,   482.11,   724.75
  103.11,   599.63,   470.75
  101.33,   603.08,   596.22
   99.18,   606.81,   721.99
  105.95,   725.75,   467.14
  104.24,   728.82,   592.62
  102.81,   731.11,   717.82
  223.92,   471.71,   475.13
  222.73,   475.23,   601.15
  221.98,   478.58,   727.57
  227.37,   597.26,   471.79
  226.06,   600.62,   597.33
  224.80,   603.49,   722.80
  230.45,   722.72,   468.68
  229.15,   725.54,   593.19
  227.51,   727.94,   717.62
  348.65,   468.90,   476.65
  347.63,   472.39,   601.70
  346.75,   475.67,   727.63
  351.71,   594.14,   473.04
  350.77,   597.27,   597.93
  349.25,   600.91,   723.31
  354.41,   718.96,   469.35
  353.49,   722.37,   593.69
  352.47,   725.63,   718.92
   99.70,   473.61,   599.17
   96.77,   473.72,   724.26
   95.64,   473.72,   849.29
   97.27,   598.92,   599.67
   94.35,   598.58,   725.28
   92.18,   598.65,   849.89
   94.67,   724.26,   599.67
   92.39,   723.10,   725.56
   89.65,   722.84,   850.25
  224.11,   476.02,   601.44
  222.26,   475.49,   727.70
  220.43,   476.14,   852.29
  222.08,   601.53,   601.31
  219.71,   600.54,   727.36
  217.85,   600.37,   851.98
  219.47,   726.57,   601.18
  216.98,   724.84,   725.81
  215.56,   723.55,   851.91
  349.20,   478.58,   602.96
  347.23,   478.40,   728.88
  344.64,   478.39,   854.05
  346.61,   604.08,   602.64
  344.15,   603.27,   728.31
  341.94,   603.64,   853.83
  343.79,   728.66,   602.54
  341.93,   728.00,   727.96
  339.81,   728.04,   853.03
  101.23,   601.15,   102.05
  102.98,   604.12,   226.89
  104.59,   606.78,   351.27
  104.77,   726.99,   100.22
  106.24,   729.13,   224.99
  107.48,   732.02,   349.38
  107.92,   852.51,    97.88
  108.50,   855.09,   223.43
  109.47,   857.52,   347.81
  226.75,   598.38,   100.77
  228.03,   601.44,   225.48
  228.88,   604.17,   350.39
  229.35,   723.70,    98.56
  230.44,   726.37,   224.40
  232.06,   729.50,   349.01
  232.22,   849.11,    95.84
  233.08,   851.36,   222.20
  234.57,   853.84,   347.22
  351.32,   595.14,    99.94
  352.05,   597.74,   225.32
  352.84,   600.67,   349.52
  354.36,   719.74,    97.56
  355.12,   722.26,   222.91
  355.76,   725.27,   347.66
  357.76,   844.19,    95.05
  358.39,   847.05,   220.28
  358.80,   849.89,   345.28
   98.92,   599.95,   224.65
  102.39,   599.98,   348.80
  105.66,   599.31,   474.45
   96.33,   724.73,   225.50
   99.72,   725.35,   349.95
  102.39,   725.27,   474.79
   93.04,   850.62,   227.00
   95.86,   850.35,   350.99
   98.98,   850.13,   475.65
  223.66,   603.06,   221.27
  227.04,   603.00,   346.09
  229.75,   602.63,   470.82
  220.88,   728.11,   222.72
  223.93,   728.39,   347.84
  227.35,   728.06,   472.35
  217.46,   853.27,   223.72
  220.93,   853.03,   348.68
  224.00,   853.06,   473.24
  347.70,   605.39,   218.74
  350.61,   605.44,   343.33
  353.82,   604.96,   467.67
  345.19,   729.99,   219.44
  347.82,   729.91,   344.34
  350.67,   729.91,   468.41
  342.46,   854.46,   220.09
  345.08,   854.65,   344.88
  348.25,   855.16,   469.08
  101.58,   599.01,   349.13
   98.85,   600.31,   474.44
   95.72,   601.12,   600.19
  103.40,   724.53,   348.61
  100.34,   726.13,   473.71
   97.30,   726.98,   599.12
  104.56,   849.90,   348.15
  101.55,   851.17,   472.66
   98.51,   852.24,   597.16
  225.84,   597.96,   352.05
  223.15,   598.91,   477.05
  220.13,   599.58,   602.80
  227.66,   723.45,   351.98
  225.21,   724.39,   476.79
  222.20,   724.79,   601.16
  229.41,   847.65,   351.66
  226.39,   849.45,   476.19
  223.71,   849.99,   599.19
  349.73,   595.84,   355.18
  347.31,   597.05,   479.55
  344.73,   597.62,   604.79
  351.42,   720.03,   354.56
  348.70,   721.81,   478.57
  346.59,   722.73,   602.85
  353.41,   845.00,   353.63
  350.76,   846.93,   477.64
  348.53,   847.65,   601.75
  102.27,   601.41,   476.26
   99.58,   601.39,   602.14
   97.02,   601.77,   727.86
  104.50,   727.38,   476.63
  101.85,   727.39,   601.81
  100.05,   726.30,   727.49
  106.41,   852.69,   476.23
  104.03,   852.52,   600.77
  102.13,   850.84,   725.60
  226.56,   599.85,   478.31
  224.31,   599.43,   603.68
  222.21,   599.08,   729.56
  229.30,   725.03,   478.88
  226.97,   724.41,   603.20
  224.51,   723.26,   727.62
  231.52,   849.89,   478.88
  229.11,   849.40,   602.37
  227.09,   848.13,   726.42
  350.75,   596.88,   479.87
  349.18,   596.74,   605.11
  346.88,   596.99,   730.95
  353.09,   721.42,   479.71
  351.26,   721.48,   604.15
  349.51,   721.48,   730.00
  355.73,   846.78,   479.87
  354.31,   846.55,   604.06
  352.54,   846.25,   729.35
   98.55,   600.39,   599.43
  100.00,   600.83,   725.05
  102.26,   601.62,   850.00
  101.43,   726.19,   598.91
  103.37,   725.47,   724.04
  104.90,   725.84,   849.37
  103.65,   851.34,   597.61
  105.77,   850.44,   721.92
  108.69,   850.08,   848.08
  223.31,   598.05,   597.08
  225.33,   598.15,   722.86
  227.79,   598.57,   847.84
  226.17,   723.13,   595.98
  228.07,   722.21,   720.77
  230.71,   721.97,   846.48
  228.50,   848.29,   594.91
  230.70,   846.93,   718.80
  233.96,   847.38,   845.56
  348.26,   595.40,   594.05
  350.17,   595.69,   719.90
  352.11,   596.60,   845.15
  350.57,   720.07,   592.81
  353.00,   720.19,   718.38
  355.05,   721.14,   843.79
  353.70,   845.21,   592.43
  356.41,   845.15,   717.71
  358.77,   845.40,   843.09
  224.86,   101.17,    99.99
  228.13,   101.59,   225.04
  232.04,   101.94,   349.39
  221.97,   226.17,   100.02
  225.71,   226.51,   225.20
  228.88,   227.06,   349.49
  218.46,   350.86,    99.55
  222.37,   351.05,   224.51
  225.80,   351.68,   348.35
  349.84,   103.72,    96.13
  353.27,   104.36,   220.69
  357.28,   104.53,   345.82
  346.79,   228.29,    95.81
  349.96,   229.10,   220.72
  353.71,   229.93,   345.98
  343.55,   353.73,    95.39
  346.73,   354.23,   220.76
  350.19,   354.78,   345.48
  474.88,   106.57,    92.16
  478.45,   107.24,   216.88
  481.84,   107.74,   342.20
  471.69,   231.47,    91.74
  474.74,   232.17,   216.93
  478.80,   232.68,   342.25
  468.36,   357.01,    92.02
  470.91,   357.16,   216.85
  475.08,   357.73,   342.15
  226.26,   102.50,   226.68
  229.43,    99.26,   351.19
  232.00,    96.05,   475.71
  228.03,   227.35,   229.93
  230.45,   224.66,   353.97
  232.56,   221.34,   478.64
  229.39,   351.88,   232.15
  231.57,   349.27,   356.24
  234.02,   346.19,   480.91
  351.57,   100.77,   223.48
  354.15,    97.71,   348.26
  357.05,    94.46,   473.42
  352.49,   225.69,   226.58
  355.58,   222.65,   351.45
  358.47,   219.72,   476.39
  353.38,   350.63,   229.59
  356.31,   347.61,   354.20
  359.21,   344.56,   478.84
  476.42,    99.43,   220.33
  479.13,    96.34,   345.91
  481.89,    93.37,   470.88
  477.35,   224.12,   223.43
  480.67,   221.34,   348.54
  483.87,   218.43,   473.84
  478.26,   349.06,   226.63
  481.33,   346.13,   351.90
  484.60,   343.43,   476.83
  225.47,   100.00,   349.66
  224.57,    98.74,   474.46
  223.34,    97.98,   599.55
  226.81,   225.01,   350.58
  225.34,   224.00,   474.91
  224.09,   222.45,   600.20
  228.05,   349.50,   350.69
  226.81,   348.82,   475.24
  225.46,   347.54,   601.40
  350.68,    98.03,   350.76
  349.79,    97.32,   475.60
  348.58,    96.54,   600.45
  351.89,   223.20,   351.62
  351.44,   222.67,   476.42
  349.92,   221.35,   601.33
  352.48,   348.20,   352.04
  351.77,   347.62,   477.01
  351.10,   346.58,   602.32
  475.44,    96.73,   351.82
  474.67,    96.16,   476.68
  473.22,    95.43,   601.16
  477.24,   221.87,   352.21
  476.77,   221.21,   477.59
  475.38,   220.55,   602.26
  477.42,   347.02,   353.29
  477.47,   346.10,   478.61
  476.43,   345.70,   603.62
  226.30,   102.04,   472.85
  222.30,   103.46,   598.02
  218.11,   104.91,   723.27
  226.12,   227.30,   471.01
  222.38,   228.13,   596.09
  218.69,   229.20,   721.98
  226.19,   351.99,   469.10
  222.74,   353.10,   594.83
  219.38,   354.30,   721.01
  351.13,   101.46,   476.55
  347.43,   103.28,   601.32
  343.26,   105.07,   726.07
  351.98,   226.90,   475.34
  347.99,   228.28,   599.97
  343.96,   228.92,   724.68
  351.47,   351.71,   472.97
  347.95,   353.19,   598.60
  344.27,   354.21,   723.73
  476.21,   101.24,   480.34
  472.40,   102.96,   604.76
  468.34,   104.73,   729.40
  477.28,   226.54,   478.84
  473.46,   228.11,   603.82
  468.79,   229.47,   728.40
  477.06,   351.52,   477.46
  473.53,   353.33,   602.24
  469.20,   354.61,   726.80
  225.06,   100.32,   597.81
  221.51,   100.04,   723.29
  217.56,   100.11,   848.44
  223.87,   225.09,   597.89
  220.66,   223.76,   723.87
  218.14,   224.33,   849.01
  223.26,   349.98,   598.81
  220.25,   349.08,   725.16
  217.70,   349.57,   849.73
  350.05,   101.16,   601.09
  346.57,   101.22,   725.79
  343.10,   100.77,   851.28
  349.90,   225.96,   601.80
  345.85,   224.94,   726.58
  341.68,   224.93,   852.33
  348.43,   351.13,   602.21
  345.04,   350.50,   727.54
  341.43,   350.38,   853.14
  475.02,   102.06,   604.11
  471.59,   102.08,   728.85
  468.21,   101.37,   854.58
  474.94,   227.08,   605.01
  470.92,   226.73,   729.84
  466.91,   225.60,   855.13
  473.73,   352.13,   605.69
  469.86,   351.86,   730.31
  465.69,   351.03,   855.69
  226.78,   226.29,    99.55
  223.36,   225.12,   224.94
  219.56,   223.72,   349.24
  223.89,   351.12,   100.95
  220.39,   349.41,   225.76
  216.72,   348.07,   349.87
  220.60,   475.68,   102.31
  217.49,   474.24,   226.71
  213.83,   473.22,   350.87
  351.46,   228.69,   102.51
  347.83,   227.36,   227.84
  344.77,   226.35,   352.70
  348.51,   353.76,   104.00
  344.44,   352.29,   229.34
  341.28,   351.10,   353.67
  345.77,   478.78,   105.80
  341.52,   477.63,   230.85
  338.08,   476.05,   355.11
  476.38,   231.61,   105.73
  472.80,   230.27,   230.85
  470.05,   228.91,   355.88
  473.14,   357.07,   107.63
  468.88,   355.38,   232.62
  466.18,   354.05,   357.67
  470.05,   482.05,   109.27
  465.94,   480.94,   234.70
  462.59,   479.34,   359.41
  227.09,   226.16,   225.33
  223.89,   228.37,   349.52
  220.73,   230.33,   473.61
  230.99,   350.46,   222.22
  227.53,   352.78,   346.63
  224.56,   355.00,   471.30
  234.56,   475.44,   219.92
  231.56,   478.06,   343.85
  228.26,   480.42,   469.13
  351.56,   221.78,   227.12
  348.86,   224.28,   352.26
  346.33,   226.49,   477.05
  354.96,   346.94,   225.10
  352.32,   349.09,   349.94
  349.64,   351.36,   474.74
  358.67,   472.02,   223.28
  355.59,   474.37,   347.79
  353.10,   476.51,   472.32
  476.44,   218.10,   229.77
  474.31,   220.48,   355.01
  471.87,   222.70,   480.29
  479.31,   343.22,   227.72
  477.00,   345.23,   353.12
  475.08,   347.78,   478.44
  482.91,   468.64,   226.11
  480.38,   470.62,   351.42
  478.14,   472.88,   476.00
  223.48,   225.36,   352.23
  223.34,   225.67,   476.31
  223.37,   225.05,   601.73
  221.44,   350.15,   351.04
  221.04,   350.34,   475.90
  221.22,   350.21,   601.85
  219.23,   474.93,   350.05
  218.91,   475.45,   475.17
  219.11,   475.57,   601.32
  348.85,   227.28,   351.68
  349.43,   227.78,   476.90
  349.36,   227.63,   601.48
  346.00,   352.46,   351.19
  346.26,   352.78,   476.07
  346.60,   352.91,   601.50
  343.14,   477.55,   350.64
  343.60,   477.81,   475.37
  344.07,   478.04,   600.85
  473.79,   229.38,   351.62
  474.56,   229.98,   476.41
  474.48,   230.62,   601.56
  470.85,   354.51,   351.43
  471.58,   355.06,   476.52
  472.25,   355.36,   601.53
  467.96,   479.80,   351.03
  468.90,   480.33,   476.09
  469.21,   480.65,   600.96
  225.89,   223.49,   474.53
  226.58,   225.88,   599.63
  226.94,   228.73,   725.67
  225.41,   348.45,   470.89
  225.93,   350.99,   597.20
  226.79,   353.77,   723.21
  224.90,   473.44,   467.64
  225.40,   476.46,   593.75
  225.79,   479.39,   720.03
  351.94,   224.06,   474.57
  352.41,   227.12,   599.32
  352.00,   229.71,   724.09
  350.48,   349.09,   470.87
  351.18,   352.03,   596.38
  351.62,   355.00,   721.91
  349.36,   474.18,   467.53
  350.15,   477.23,   592.59
  350.78,   480.32,   718.62
  477.17,   224.72,   474.08
  477.49,   227.98,   598.87
  477.24,   231.10,   723.75
  475.79,   349.60,   471.00
  476.40,   353.10,   596.12
  476.61,   356.09,   720.77
  474.60,   474.57,   467.70
  475.47,   478.22,   592.52
  475.72,   481.66,   717.58
  224.67,   225.04,   598.08
  223.34,   221.95,   723.78
  223.04,   220.12,   849.02
  226.55,   350.08,   601.03
  225.61,   347.29,   727.43
  225.08,   345.26,   851.64
  228.53,   475.48,   603.82
  227.71,   472.46,   730.04
  226.36,   470.59,   854.78
  350.48,   223.24,   599.56
  348.60,   220.26,   724.49
  346.56,   218.10,   849.96
  352.03,   348.17,   602.32
  350.49,   345.35,   727.54
  348.75,   343.44,   853.28
  353.48,   473.59,   604.42
  352.18,   471.05,   730.06
  350.87,   468.51,   855.18
  475.79,   221.97,   600.74
  473.45,   219.33,   725.32
  471.72,   215.84,   850.81
  477.22,   346.59,   603.69
  475.57,   344.04,   728.21
  473.34,   341.24,   853.49
  478.70,   472.13,   605.88
  477.43,   469.74,   730.88
  475.57,   467.04,   855.61
  224.33,   350.50,   100.20
  224.36,   349.57,   224.84
  223.73,   348.94,   348.88
  224.17,   475.11,   100.63
  223.97,   474.61,   225.01
  223.45,   473.99,   349.36
  223.81,   600.01,   100.99
  223.51,   600.13,   225.86
  222.98,   599.95,   350.31
  349.54,   350.44,    99.99
  348.32,   350.02,   225.27
  348.06,   349.49,   349.65
  349.20,   475.60,   100.67
  347.99,   475.20,   226.22
  347.64,   474.54,   350.24
  348.67,   600.70,   101.58
  347.64,   600.29,   226.98
  347.06,   599.81,   351.22
  473.99,   350.95,   100.35
  473.03,   350.29,   225.08
  473.22,   349.90,   350.75
  473.73,   476.31,   101.19
  472.58,   475.98,   226.64
  472.12,   475.03,   351.67
  473.52,   601.04,   101.93
  472.48,   600.67,   227.43
  471.50,   599.95,   352.05
  225.25,   351.45,   224.75
  224.74,   351.40,   348.65
  223.87,   350.99,   473.70
  227.98,   476.44,   224.32
  227.18,   476.55,   348.72
  226.36,   476.18,   473.79
  230.53,   602.04,   225.28
  229.87,   602.16,   349.69
  229.55,   601.86,   474.61
  349.49,   349.13,   224.80
  349.24,   348.87,   349.68
  348.79,   348.11,   474.47
  352.10,   474.01,   225.49
  351.34,   474.01,   350.10
  351.26,   473.58,   474.53
  354.52,   599.25,   226.20
  353.88,   599.02,   350.79
  353.56,   598.93,   475.07
  474.06,   346.35,   225.21
  473.88,   345.95,   350.31
  474.16,   345.64,   475.80
  476.55,   471.80,   225.99
  476.06,   471.47,   351.21
  476.38,   470.68,   476.19
  479.34,   596.47,   226.60
  478.80,   596.25,   351.50
  478.15,   595.59,   476.32
  223.21,   350.40,   351.00
  226.72,   349.44,   475.64
  230.26,   348.19,   601.46
  226.37,   475.38,   350.92
  229.80,   474.77,   476.15
  233.41,   473.97,   602.25
  229.70,   600.81,   351.83
  233.24,   600.19,   476.86
  236.75,   598.89,   602.35
  347.66,   347.07,   347.83
  351.75,   346.21,   472.44
  355.35,   345.58,   597.77
  350.48,   471.98,   347.88
  354.38,   471.36,   472.85
  358.28,   470.88,   598.10
  353.43,   597.18,   348.89
  357.42,   597.03,   473.01
  361.34,   595.77,   598.11
  472.50,   343.58,   344.35
  476.84,   343.31,   469.33
  480.85,   342.54,   594.22
  475.37,   468.80,   344.89
  479.43,   468.41,   470.03
  483.29,   467.92,   594.73
  478.39,   593.81,   345.38
  481.89,   592.90,   469.91
  486.01,   592.53,   595.03
  225.55,   349.15,   475.23
  224.03,   351.50,   601.01
  223.01,   353.94,   727.22
  223.40,   474.46,   472.02
  221.86,   476.90,   597.97
  220.63,   479.42,   724.37
  221.61,   599.64,   469.42
  219.67,   602.08,   595.11
  218.13,   604.51,   720.92
  350.66,   351.46,   476.91
  349.20,   354.06,   602.52
  347.63,   356.66,   727.67
  348.08,   476.48,   473.70
  346.57,   479.27,   599.23
  345.21,   482.06,   724.95
  345.88,   601.73,   470.71
  344.26,   604.62,   595.81
  342.65,   607.15,   721.19
  476.09,   353.44,   479.08
  474.58,   356.44,   604.09
  472.50,   359.55,   728.79
  473.28,   478.68,   476.02
  471.84,   481.69,   601.04
  470.20,   484.81,   725.66
  470.32,   603.50,   472.88
  468.89,   606.67,   597.49
  467.87,   609.90,   722.41
  224.07,   347.47,   601.78
  223.76,   347.56,   728.15
  223.19,   348.12,   852.68
  227.78,   473.13,   602.00
  226.98,   472.74,   728.16
  226.08,   473.74,   852.72
  231.25,   598.46,   601.61
  229.93,   597.67,   727.24
  229.31,   597.70,   852.25
  349.69,   344.56,   602.63
  348.55,   344.13,   728.13
  346.77,   344.48,   853.61
  352.41,   470.01,   602.50
  351.88,   469.90,   728.14
  350.27,   470.07,   853.26
  355.88,   595.03,   601.99
  354.88,   595.01,   727.53
  353.50,   595.40,   852.74
  474.82,   341.51,   603.84
  473.48,   341.59,   728.60
  471.41,   341.18,   853.68
  477.60,   466.59,   603.81
  476.56,   466.88,   728.56
  475.22,   466.87,   853.57
  480.63,   591.27,   603.21
  479.84,   591.76,   728.10
  478.88,   592.22,   852.75
  224.73,   473.00,   102.23
  228.67,   471.87,   226.74
  231.92,   471.18,   350.73
  222.54,   597.94,   103.02
  226.11,   597.35,   227.85
  229.71,   596.77,   352.46
  219.90,   723.47,   104.48
  223.26,   722.75,   230.20
  227.07,   722.28,   354.76
  349.79,   475.68,    98.43
  352.69,   474.68,   223.50
  355.87,   473.82,   347.90
  347.24,   600.38,    99.76
  350.08,   599.83,   225.06
  353.27,   598.87,   349.31
  344.63,   725.13,   101.15
  347.71,   724.22,   226.19
  350.62,   723.48,   351.21
  474.27,   478.61,    94.90
  477.11,   477.41,   220.21
  480.68,   476.46,   345.07
  471.80,   603.00,    96.03
  474.92,   602.31,   221.50
  478.08,   601.19,   346.29
  469.36,   727.77,    98.08
  472.84,   725.93,   222.61
  475.58,   725.38,   346.92
  226.56,   473.09,   224.30
  229.60,   472.19,   348.50
  232.73,   470.77,   473.44
  228.20,   598.69,   225.61
  231.32,   597.95,   350.30
  234.26,   596.56,   475.10
  229.58,   723.93,   227.92
  232.86,   723.25,   352.50
  236.04,   721.80,   477.13
  350.70,   471.61,   221.40
  353.77,   470.60,   345.96
  357.12,   469.20,   470.55
  352.09,   596.91,   223.07
  355.18,   596.10,   347.45
  358.60,   594.81,   471.74
  353.81,   721.28,   224.43
  356.27,   720.48,   349.10
  359.40,   719.29,   473.32
  474.93,   470.48,   218.22
  478.46,   469.21,   343.35
  482.52,   467.96,   468.16
  477.20,   595.42,   219.81
  479.87,   593.95,   344.38
  483.23,   592.67,   469.23
  479.43,   718.96,   221.02
  481.26,   717.89,   345.33
  483.98,   717.24,   469.72
  225.24,   475.70,   349.99
  228.41,   478.11,   475.14
  231.71,   480.54,   600.92
  226.17,   601.14,   347.69
  229.45,   603.72,   472.55
  232.66,   605.84,   598.11
  227.17,   726.48,   346.54
  230.45,   729.04,   471.13
  233.23,   730.82,   595.26
  349.31,   474.50,   347.23
  352.78,   477.45,   471.63
  356.39,   479.61,   596.98
  350.14,   600.09,   344.83
  353.49,   602.56,   469.40
  357.22,   604.96,   594.16
  350.60,   724.24,   342.82
  354.18,   727.15,   466.81
  357.64,   729.58,   590.97
  473.78,   473.56,   344.49
  477.92,   476.14,   469.38
  481.65,   478.91,   593.95
  474.50,   598.63,   341.84
  478.27,   600.94,   466.23
  481.76,   603.67,   591.26
  475.49,   722.39,   338.73
  478.64,   725.70,   463.32
  482.36,   728.30,   587.97
  226.65,   473.22,   475.72
  227.88,   474.10,   601.92
  229.59,   474.71,   728.11
  228.18,   598.92,   474.70
  229.44,   599.34,   600.43
  230.74,   599.92,   726.36
  229.79,   724.43,   474.72
  231.04,   724.56,   598.95
  232.21,   724.31,   723.51
  351.35,   471.67,   474.26
  352.80,   472.64,   599.77
  354.50,   473.75,   725.49
  352.69,   597.10,   473.27
  354.40,   598.06,   598.35
  355.53,   598.58,   723.79
  353.76,   722.02,   472.30
  355.60,   722.91,   596.82
  357.04,   723.27,   722.05
  476.45,   470.30,   473.78
  478.16,   471.59,   598.77
  479.62,   472.84,   723.65
  477.15,   595.01,   472.47
  478.93,   596.31,   597.27
  480.79,   597.77,   722.13
  478.14,   719.70,   470.56
  479.98,   721.12,   595.24
  482.54,   722.45,   720.57
  226.53,   476.34,   598.38
  227.87,   475.47,   724.60
  229.78,   475.18,   849.54
  228.48,   601.62,   598.63
  229.68,   600.25,   724.69
  231.32,   599.40,   849.53
  230.25,   726.57,   598.97
  231.59,   724.70,   723.58
  233.51,   722.96,   849.70
  351.13,   474.47,   596.46
  352.82,   473.74,   722.20
  354.06,   473.18,   847.29
  352.92,   599.92,   596.48
  354.28,   598.91,   722.31
  355.61,   598.62,   847.56
  354.96,   724.67,   596.74
  356.56,   723.51,   722.35
  357.83,   723.19,   847.59
  476.45,   472.80,   595.24
  477.70,   472.46,   720.02
  478.91,   471.59,   844.89
  477.92,   597.89,   595.72
  479.56,   597.26,   720.69
  480.86,   596.99,   845.12
  479.31,   722.60,   595.42
  481.94,   722.18,   720.79
  482.79,   722.09,   846.52
  227.12,   598.19,    98.05
  224.10,   602.30,   223.09
  221.22,   606.01,   347.43
  226.34,   723.87,    95.13
  223.20,   727.41,   220.89
  220.57,   731.49,   345.82
  225.83,   849.56,    91.44
  222.69,   852.43,   217.79
  219.75,   855.78,   343.25
  351.71,   599.13,   101.30
  348.27,   602.65,   226.46
  344.80,   606.06,   351.05
  351.35,   723.62,    98.14
  347.55,   726.88,   223.45
  344.36,   730.75,   348.33
  351.00,   848.12,    94.65
  347.38,   851.71,   220.13
  343.96,   855.54,   345.34
  476.34,   599.59,   104.19
  473.08,   603.01,   229.64
  469.58,   606.09,   354.05
  476.13,   723.99,   101.72
  473.16,   726.96,   225.98
  469.29,   730.18,   350.58
  475.99,   848.76,    98.90
  473.65,   851.84,   222.43
  469.60,   855.38,   347.10
  225.85,   600.71,   224.83
  229.01,   597.80,   349.64
  232.58,   594.08,   474.47
  225.10,   725.85,   229.64
  228.73,   723.23,   354.28
  232.09,   719.36,   478.60
  224.31,   850.67,   233.45
  228.29,   847.50,   358.72
  231.21,   844.49,   482.66
  349.79,   600.77,   222.03
  353.14,   597.74,   346.73
  356.54,   594.16,   470.84
  349.46,   725.12,   225.69
  352.44,   722.18,   350.30
  355.76,   719.03,   474.62
  349.29,   849.72,   229.52
  352.16,   846.91,   354.20
  355.84,   844.02,   478.35
  474.60,   601.00,   218.78
  477.67,   597.58,   343.56
  481.32,   594.01,   467.87
  474.87,   724.77,   221.90
  477.53,   721.43,   346.55
  480.13,   718.47,   470.82
  475.47,   849.61,   225.33
  477.80,   846.72,   349.80
  480.31,   843.92,   474.44
  226.37,   599.64,   350.17
  223.16,   596.33,   475.12
  219.88,   592.14,   600.75
  223.93,   724.99,   355.14
  220.95,   721.70,   479.68
  217.56,   717.00,   603.84
  221.70,   849.48,   359.36
  218.19,   846.53,   483.61
  215.13,   842.33,   606.76
  350.28,   601.62,   353.83
  347.61,   598.14,   478.03
  344.46,   594.33,   603.30
  347.63,   726.16,   357.54
  344.62,   722.80,   481.94
  342.02,   719.25,   606.01
  345.50,   850.70,   361.64
  342.84,   848.23,   485.36
  340.04,   844.32,   609.57
  474.72,   603.42,   357.30
  471.95,   599.81,   481.89
  469.07,   596.24,   606.67
  472.56,   727.27,   360.17
  469.19,   724.56,   484.43
  466.75,   721.08,   609.22
  470.96,   852.54,   363.21
  467.29,   849.55,   487.90
  464.71,   846.34,   612.88
  226.86,   599.49,   475.78
  227.29,   601.64,   601.22
  228.25,   604.10,   726.87
  223.23,   724.69,   473.45
  224.14,   726.64,   597.96
  224.62,   728.43,   722.49
  219.60,   849.60,   471.38
  220.03,   852.17,   594.39
  221.16,   852.96,   718.37
  350.91,   602.46,   474.47
  351.94,   605.10,   599.33
  353.04,   607.99,   725.14
  347.19,   727.30,   471.67
  348.45,   730.00,   595.79
  349.40,   732.65,   721.31
  343.86,   852.43,   469.00
  345.39,   855.21,   593.29
  346.91,   857.09,   718.41
  475.40,   605.34,   473.96
  476.48,   608.34,   598.65
  477.91,   611.63,   723.72
  471.53,   730.06,   470.47
  473.06,   733.33,   595.11
  475.10,   736.33,   720.21
  468.46,   855.35,   467.46
  469.68,   858.22,   592.41
  472.36,   860.88,   718.04
  224.88,   598.78,   601.18
  221.86,   600.05,   726.70
  218.77,   602.08,   851.72
  223.60,   723.61,   598.42
  220.15,   724.26,   722.98
  217.83,   725.29,   848.75
  221.80,   849.00,   595.64
  218.90,   849.38,   719.60
  217.06,   850.86,   846.64
  349.76,   599.92,   603.51
  346.45,   601.99,   729.03
  343.40,   604.22,   854.14
  348.03,   724.76,   600.86
  344.98,   726.75,   726.09
  342.07,   728.77,   851.25
  347.03,   849.96,   598.51
  344.49,   851.23,   723.95
  341.94,   853.18,   849.29
  474.48,   601.53,   606.92
  471.34,   603.67,   731.49
  468.18,   606.14,   856.23
  472.91,   726.32,   603.93
  470.75,   728.34,   729.39
  466.76,   731.28,   854.56
  471.80,   851.49,   602.05
  470.15,   852.97,   727.55
  466.76,   855.37,   852.60
  347.76,   100.33,   101.03
  345.60,    97.00,   225.89
  343.57,    92.96,   350.80
  345.43,   224.91,   104.70
  343.34,   221.74,   229.85
  341.20,   218.20,   354.65
  343.31,   349.93,   108.38
  340.65,   346.82,   233.40
  338.64,   343.17,   358.16
  473.03,   102.08,   102.97
  470.82,    98.89,   227.92
  468.54,    95.48,   353.53
  470.58,   227.00,   106.62
  468.15,   223.83,   231.38
  466.33,   220.29,   356.83
  468.05,   352.42,   110.50
  465.01,   348.84,   235.68
  463.49,   345.29,   360.79
  598.37,   104.81,   105.71
  596.02,   101.54,   230.48
  593.47,    98.31,   355.79
  595.64,   229.84,   109.51
  593.70,   226.21,   234.14
  591.50,   222.63,   358.75
  592.89,   355.04,   113.38
  590.79,   350.97,   237.70
  588.91,   347.42,   363.19
  350.00,    99.66,   223.26
  349.72,    96.07,   348.56
  349.71,    92.40,   473.35
  346.24,   224.52,   227.15
  346.45,   221.04,   352.04
  346.59,   217.90,   476.92
  342.57,   349.24,   230.31
  342.55,   346.07,   355.11
  342.44,   342.39,   479.94
  474.80,   102.66,   223.50
  474.60,    99.23,   348.57
  474.70,    95.82,   473.91
  470.91,   227.30,   226.51
  471.39,   224.26,   352.22
  472.04,   221.08,   477.24
  467.08,   352.64,   230.42
  467.38,   349.22,   355.85
  468.03,   345.84,   480.77
  599.88,   106.64,   224.11
  599.75,   103.58,   349.02
  599.22,   100.23,   474.11
  596.69,   231.07,   227.45
  596.42,   227.80,   352.28
  596.26,   224.72,   476.75
  592.32,   355.93,   230.58
  592.82,   352.36,   356.12
  592.76,   349.20,   481.41
  352.04,    98.77,   348.53
  355.48,    94.89,   473.33
  358.75,    91.73,   597.88
  355.36,   223.90,   352.13
  359.35,   220.56,   477.08
  362.72,   216.53,   601.71
  358.47,   348.91,   355.42
  362.17,   345.12,   480.33
  365.72,   341.12,   605.48
  476.59,    95.37,   344.90
  480.25,    92.04,   469.78
  483.48,    88.47,   594.58
  480.38,   220.59,   348.47
  484.53,   216.95,   473.24
  487.81,   213.17,   598.15
  483.31,   345.19,   352.20
  487.31,   341.88,   477.42
  491.18,   338.31,   602.15
  601.51,    92.96,   341.34
  605.05,    89.16,   466.38
  608.44,    85.21,   591.51
  605.29,   217.16,   344.64
  608.91,   213.73,   469.16
  611.83,   210.32,   593.86
  608.59,   341.82,   348.28
  612.22,   338.28,   473.74
  615.87,   334.99,   598.57
  349.80,    99.67,   473.48
  345.90,    99.16,   598.28
  341.41,    99.35,   722.99
  352.04,   225.26,   474.35
  348.06,   224.08,   599.20
  343.73,   223.25,   723.88
  353.31,   350.09,   474.45
  349.65,   349.32,   599.89
  346.10,   348.25,   725.10
  474.66,    97.81,   477.54
  470.47,    97.24,   602.07
  466.44,    96.96,   726.45
  477.45,   222.75,   478.04
  473.47,   222.65,   602.88
  468.72,   221.75,   727.39
  478.82,   347.99,   479.02
  475.10,   347.43,   603.62
  471.03,   346.90,   728.27
  599.25,    96.70,   481.14
  595.48,    95.74,   605.92
  592.13,    94.96,   730.92
  601.60,   221.07,   481.21
  597.63,   220.69,   606.01
  593.55,   220.13,   731.64
  603.70,   345.73,   482.77
  599.76,   345.78,   607.59
  595.69,   345.35,   732.22
  348.23,   101.01,   600.61
  347.24,    98.36,   725.12
  346.77,    95.64,   850.31
  351.11,   225.85,   603.63
  349.62,   222.50,   728.41
  348.28,   219.39,   853.93
  352.67,   351.01,   606.47
  352.04,   347.51,   731.93
  350.99,   344.78,   857.67
  473.41,    99.19,   600.69
  472.31,    96.10,   725.76
  471.69,    93.26,   851.17
  476.11,   224.12,   604.36
  474.92,   221.02,   728.71
  473.39,   217.13,   854.09
  477.96,   349.11,   607.34
  477.10,   345.84,   732.21
  475.44,   342.46,   857.09
  598.41,    97.10,   601.88
  597.93,    93.97,   726.85
  596.99,    90.87,   851.96
  600.73,   222.43,   604.02
  599.58,   219.16,   729.76
  599.11,   215.61,   855.17
  602.99,   347.03,   608.45
  601.75,   344.70,   732.99
  601.33,   341.35,   857.06
  350.43,   226.08,   100.83
  350.99,   225.34,   225.91
  352.15,   224.50,   350.74
  350.29,   351.21,   101.79
  350.39,   350.37,   226.81
  351.48,   349.28,   351.72
  350.30,   476.50,   102.97
  350.52,   475.21,   228.29
  351.00,   474.39,   352.84
  475.57,   225.91,    99.53
  475.81,   225.34,   224.77
  477.05,   224.37,   350.11
  475.31,   351.30,   101.20
  475.26,   350.50,   226.04
  476.17,   349.29,   351.51
  475.01,   476.82,   102.52
  474.84,   475.89,   227.73
  475.82,   474.55,   352.91
  600.93,   226.90,    99.96
  601.60,   225.46,   224.39
  602.18,   224.60,   349.29
  600.08,   352.34,   101.10
  600.59,   350.55,   225.58
  601.69,   349.43,   350.87
  599.74,   477.25,   101.75
  600.61,   475.93,   226.51
  601.23,   474.26,   352.49
  348.64,   223.76,   226.48
  345.25,   224.21,   351.63
  342.07,   224.65,   476.22
  351.32,   348.86,   226.39
  348.08,   349.33,   350.96
  344.63,   349.44,   475.75
  354.37,   473.97,   225.97
  350.63,   474.29,   350.65
  347.14,   474.85,   474.91
  473.55,   220.61,   229.56
  470.55,   220.93,   354.67
  467.50,   221.68,   480.11
  475.77,   345.68,   229.61
  472.73,   346.17,   354.87
  469.99,   346.72,   479.86
  478.56,   471.25,   229.65
  475.49,   471.43,   354.70
  472.47,   471.53,   479.47
  599.00,   217.84,   233.50
  595.51,   218.37,   357.89
  591.99,   218.86,   482.62
  601.48,   342.65,   232.85
  598.10,   343.03,   358.15
  594.73,   343.60,   483.42
  604.04,   467.79,   232.65
  600.83,   467.87,   358.49
  597.48,   468.46,   483.95
  351.48,   225.64,   350.45
  355.08,   228.03,   475.53
  358.30,   229.52,   600.01
  350.27,   350.61,   348.18
  353.61,   352.86,   472.94
  357.15,   354.79,   598.00
  349.54,   475.73,   345.90
  352.58,   477.92,   470.40
  356.11,   479.92,   595.69
  476.86,   226.38,   347.28
  480.48,   228.59,   472.17
  483.18,   230.50,   597.25
  475.43,   351.15,   345.37
  479.01,   353.44,   470.33
  482.54,   355.50,   595.48
  473.94,   476.49,   343.28
  477.70,   478.71,   468.05
  480.92,   480.69,   593.05
  601.75,   226.92,   343.91
  604.74,   229.43,   468.39
  607.54,   231.82,   593.44
  600.72,   351.80,   342.25
  604.04,   354.10,   467.56
  607.06,   356.45,   592.67
  599.72,   476.87,   340.43
  603.09,   479.03,   466.06
  606.00,   481.30,   590.82
  348.54,   224.99,   474.76
  350.42,   221.86,   599.90
  351.15,   218.30,   724.28
  346.21,   349.92,   477.28
  348.18,   346.78,   602.80
  349.58,   343.69,   728.06
  343.92,   475.04,   479.85
  345.99,   471.95,   605.43
  347.54,   469.01,   730.99
  473.79,   226.90,   473.26
  475.65,   224.08,   598.25
  476.45,   221.02,   722.61
  471.61,   351.73,   476.29
  473.22,   349.13,   601.24
  474.43,   346.14,   726.16
  469.02,   476.94,   479.33
  471.22,   474.10,   603.84
  472.83,   471.62,   728.73
  598.46,   228.93,   470.95
  599.97,   226.43,   595.85
  601.11,   223.57,   721.38
  596.62,   353.76,   474.96
  598.06,   351.13,   599.77
  599.55,   348.61,   724.49
  594.52,   478.68,   478.52
  595.96,   475.95,   603.50
  597.48,   473.64,   727.35
  351.31,   222.76,   599.34
  347.38,   224.67,   723.97
  343.10,   227.50,   849.69
  353.52,   347.74,   597.04
  350.14,   350.10,   722.50
  346.00,   352.61,   847.92
  355.66,   473.22,   594.19
  352.44,   475.37,   719.91
  348.74,   478.04,   845.42
  476.74,   220.59,   603.08
  472.17,   223.04,   727.42
  467.90,   224.91,   852.94
  478.91,   345.77,   600.78
  474.76,   348.26,   725.62
  470.68,   350.45,   850.55
  480.74,   470.78,   598.09
  477.43,   473.68,   722.98
  473.23,   475.90,   847.72
  600.82,   218.55,   605.96
  597.03,   221.14,   731.45
  593.69,   222.89,   856.80
  603.41,   343.46,   604.62
  599.54,   346.28,   729.36
  596.25,   348.80,   853.61
  605.68,   468.55,   602.87
  602.07,   471.40,   726.81
  598.86,   473.88,   850.62
  349.50,   350.98,    99.06
  348.19,   353.24,   224.43
  347.20,   355.06,   349.12
  347.71,   476.04,    97.73
  345.58,   478.14,   222.97
  344.55,   480.31,   347.42
  345.55,   601.07,    96.00
  343.47,   603.22,   221.43
  342.11,   605.53,   345.88
  474.14,   353.54,   100.18
  472.64,   355.10,   225.26
  472.08,   357.24,   350.50
  472.14,   478.75,    98.74
  470.11,   480.81,   224.19
  469.43,   482.51,   348.92
  470.01,   603.32,    97.20
  468.64,   605.36,   222.50
  466.87,   606.86,   347.09
  599.26,   356.31,   101.84
  598.23,   357.61,   226.37
  597.27,   359.13,   351.79
  596.84,   481.36,    99.67
  595.82,   482.70,   224.63
  594.80,   484.32,   350.39
  595.39,   605.66,    97.73
  594.39,   608.10,   222.82
  592.73,   609.31,   348.20
  348.69,   351.52,   224.02
  349.47,   354.51,   348.55
  350.13,   356.72,   473.28
  349.67,   476.56,   221.41
  350.05,   479.43,   345.81
  350.70,   481.92,   470.67
  350.43,   601.64,   219.12
  350.58,   604.85,   343.67
  351.26,   607.37,   467.89
  473.07,   350.69,   223.12
  474.39,   353.49,   348.57
  475.42,   355.92,   473.54
  473.79,   475.98,   221.22
  474.67,   478.50,   346.05
  475.78,   481.25,   471.08
  475.31,   600.92,   218.80
  475.23,   603.35,   343.42
  475.66,   605.76,   468.02
  598.77,   349.69,   222.59
  599.85,   352.20,   347.99
  600.69,   354.99,   473.44
  599.45,   475.09,   219.95
  600.19,   477.59,   345.97
  601.01,   480.12,   471.62
  600.93,   600.54,   217.29
  601.32,   602.62,   343.10
  601.23,   604.67,   468.49
  350.79,   349.31,   351.58
  347.93,   347.02,   476.17
  344.77,   344.33,   601.70
  351.38,   474.78,   353.86
  348.66,   472.22,   478.29
  345.51,   469.62,   603.94
  352.36,   600.03,   356.34
  349.52,   597.59,   480.87
  346.46,   594.75,   606.03
  475.79,   348.38,   355.18
  473.30,   346.01,   479.97
  470.10,   343.66,   605.04
  476.24,   473.53,   357.67
  473.43,   471.22,   482.41
  470.70,   468.92,   607.19
  476.98,   598.42,   359.80
  474.02,   595.91,   484.39
  470.88,   593.76,   609.44
  601.18,   346.95,   358.20
  598.45,   344.85,   483.39
  595.05,   342.87,   608.38
  601.67,   472.27,   361.30
  598.71,   469.68,   486.76
  595.45,   467.57,   611.33
  602.72,   597.09,   363.39
  599.17,   594.57,   488.78
  596.07,   592.31,   613.38
  349.31,   348.22,   474.37
  352.86,   344.68,   599.82
  356.06,   341.37,   724.87
  346.02,   473.46,   477.58
  349.69,   470.33,   602.59
  352.87,   466.82,   728.60
  343.27,   598.68,   480.88
  346.65,   595.23,   605.61
  349.91,   591.80,   731.26
  474.32,   351.23,   471.69
  477.99,   348.20,   596.74
  480.93,   344.72,   721.20
  470.82,   476.23,   475.14
  474.71,   473.18,   599.73
  477.91,   470.11,   724.55
  467.55,   600.94,   477.90
  471.18,   597.89,   602.58
  474.89,   595.30,   727.50
  599.40,   354.05,   468.62
  602.75,   351.31,   593.44
  605.85,   348.33,   718.10
  596.32,   479.01,   472.60
  599.66,   476.27,   597.33
  602.77,   473.17,   721.41
  592.66,   603.76,   475.41
  596.14,   600.82,   600.45
  600.10,   598.16,   724.47
  349.00,   349.41,   601.74
  352.36,   346.18,   727.16
  355.32,   343.67,   852.88
  347.89,   475.06,   604.44
  351.44,   471.98,   730.20
  354.61,   469.03,   855.27
  347.05,   599.90,   606.79
  350.05,   597.13,   732.42
  353.41,   594.29,   857.41
  474.63,   350.93,   598.60
  477.21,   347.96,   723.22
  479.92,   344.79,   848.32
  473.12,   475.97,   601.28
  476.16,   473.51,   726.24
  479.24,   470.34,   851.04
  471.43,   600.74,   603.81
  475.34,   598.54,   728.87
  478.47,   595.83,   853.50
  599.47,   352.14,   595.56
  602.10,   349.60,   720.33
  605.57,   346.58,   844.66
  597.85,   476.95,   599.02
  601.52,   474.62,   723.06
  604.74,   471.99,   847.04
  596.60,   601.90,   601.43
  600.34,   599.36,   725.44
  604.15,   596.77,   849.82
  350.39,   476.80,   100.78
  353.37,   478.33,   226.00
  356.60,   480.02,   350.66
  348.68,   601.53,    99.57
  351.23,   603.32,   225.20
  354.13,   605.03,   349.23
  346.53,   726.09,    98.21
  348.93,   727.72,   223.95
  351.78,   729.61,   348.46
  475.29,   478.98,    97.38
  477.71,   480.75,   222.99
  481.28,   481.75,   347.84
  473.33,   603.87,    96.26
  475.93,   605.34,   221.87
  478.92,   606.79,   346.49
  471.19,   728.21,    95.72
  474.56,   729.20,   220.18
  476.61,   730.59,   344.59
  599.99,   481.21,    94.45
  603.13,   482.77,   219.04
  606.87,   483.80,   344.74
  598.35,   606.01,    92.91
  601.79,   607.65,   217.43
  604.48,   608.72,   343.19
  596.49,   730.72,    91.95
  600.92,   732.57,   216.35
  602.83,   733.87,   341.43
  350.58,   474.13,   226.91
  353.08,   473.71,   351.29
  355.98,   473.10,   475.77
  349.99,   599.06,   227.73
  352.31,   598.80,   352.05
  355.39,   598.21,   476.43
  349.65,   723.79,   228.32
  351.88,   723.39,   352.95
  354.24,   722.95,   477.23
  475.02,   474.84,   224.18
  477.75,   474.08,   349.46
  481.01,   473.45,   474.06
  475.04,   599.51,   225.04
  477.11,   598.99,   349.83
  479.88,   598.36,   474.44
  475.04,   723.26,   225.32
  476.78,   722.98,   349.94
  478.94,   722.92,   474.41
  600.34,   475.13,   221.10
  603.61,   474.49,   346.74
  606.12,   473.76,   472.31
  600.77,   600.58,   221.74
  603.00,   599.69,   347.39
  604.98,   598.49,   473.00
  601.39,   725.27,   222.35
  602.63,   724.87,   347.34
  604.11,   723.79,   472.40
  351.21,   474.08,   350.99
  351.73,   477.63,   475.65
  352.33,   480.82,   600.91
  348.31,   599.14,   347.98
  348.86,   602.67,   472.23
  349.55,   605.94,   597.03
  345.30,   723.52,   344.92
  345.86,   727.58,   468.96
  346.36,   730.75,   593.35
  476.12,   476.80,   351.31
  476.79,   480.25,   476.26
  477.50,   483.82,   601.01
  472.94,   601.55,   347.66
  473.38,   604.85,   472.13
  473.83,   608.60,   597.14
  470.13,   725.47,   343.81
  469.92,   729.38,   468.13
  471.11,   733.14,   592.73
  601.53,   479.07,   351.15
  602.07,   482.79,   476.78
  602.30,   486.40,   601.67
  598.55,   604.23,   347.57
  598.78,   607.55,   472.87
  599.08,   611.08,   597.58
  596.18,   729.32,   343.58
  595.55,   732.53,   468.57
  595.72,   735.75,   593.21
  348.47,   473.64,   473.76
  351.88,   475.42,   599.30
  355.34,   477.20,   725.08
  348.65,   598.79,   472.06
  352.27,   600.72,   596.75
  355.56,   602.42,   722.45
  348.79,   723.82,   470.24
  352.71,   725.33,   594.60
  356.09,   726.75,   719.94
  473.43,   472.74,   471.47
  477.23,   474.93,   596.28
  480.35,   477.13,   721.32
  473.25,   597.69,   469.03
  476.73,   599.61,   594.05
  480.77,   602.11,   718.93
  473.48,   722.30,   466.51
  477.28,   724.61,   591.18
  481.71,   726.69,   716.39
  598.66,   471.94,   468.93
  602.14,   474.30,   594.06
  605.11,   476.53,   718.22
  598.55,   596.89,   466.83
  601.79,   598.77,   591.81
  605.64,   601.29,   715.96
  598.84,   722.06,   463.99
  601.95,   723.58,   588.71
  606.54,   725.96,   713.37
  351.12,   477.06,   598.65
  350.69,   479.19,   724.48
  349.80,   481.88,   849.60
  352.35,   602.02,   595.69
  351.61,   604.29,   721.60
  351.18,   607.07,   846.61
  353.53,   727.11,   592.81
  353.10,   729.04,   718.33
  352.61,   731.64,   843.52
  476.19,   475.65,   599.58
  475.58,   478.42,   724.38
  474.74,   480.50,   849.32
  476.83,   600.33,   596.91
  477.01,   603.12,   721.62
  476.29,   606.05,   846.67
  478.27,   725.06,   593.69
  478.58,   727.91,   718.95
  477.83,   731.03,   844.29
  601.43,   474.08,   601.23
  600.65,   477.21,   725.13
  600.27,   479.78,   849.08
  602.16,   598.82,   598.39
  601.94,   602.04,   722.41
  602.03,   604.71,   846.43
  603.00,   723.57,   595.14
  603.69,   726.39,   719.62
  603.61,   729.51,   844.66
  348.66,   598.02,    98.97
  346.02,   600.65,   224.57
  344.36,   603.38,   348.99
  349.38,   722.83,    96.74
  346.92,   725.32,   222.31
  344.66,   727.85,   347.21
  350.18,   847.32,    94.28
  347.85,   849.66,   220.10
  345.58,   852.80,   345.05
  473.40,   597.66,   100.77
  470.91,   599.98,   226.18
  468.70,   602.33,   350.67
  474.20,   722.06,    99.26
  472.37,   723.81,   223.82
  469.37,   726.52,   348.28
  475.09,   846.83,    97.57
  473.87,   848.69,   221.31
  471.07,   851.70,   345.77
  598.34,   597.19,   102.12
  596.74,   599.70,   227.12
  594.70,   601.63,   352.60
  599.87,   721.87,   100.22
  598.58,   724.61,   224.75
  595.58,   726.84,   349.83
  600.51,   846.63,    98.66
  600.20,   849.28,   222.71
  596.47,   851.61,   347.29
  350.75,   600.15,   227.43
  349.12,   598.11,   351.85
  348.04,   595.90,   476.26
  350.01,   725.06,   230.12
  347.92,   722.65,   354.50
  346.52,   720.71,   478.75
  349.09,   849.37,   232.47
  347.19,   847.66,   357.45
  346.07,   845.82,   481.55
  475.54,   601.09,   228.81
  473.70,   598.72,   353.65
  472.51,   595.89,   478.19
  475.32,   724.92,   231.01
  472.69,   722.63,   355.46
  470.95,   720.57,   480.04
  475.28,   850.04,   233.22
  472.78,   847.95,   357.88
  470.65,   845.81,   482.64
  601.54,   602.31,   229.48
  599.70,   599.69,   355.16
  597.82,   596.76,   480.56
  601.67,   727.13,   232.18
  598.71,   724.63,   357.07
  596.22,   721.59,   482.17
  601.72,   851.64,   234.66
  598.44,   849.44,   359.17
  595.19,   846.99,   484.36
  347.52,   600.18,   349.88
  345.79,   603.86,   474.00
  344.36,   606.70,   598.98
  344.24,   724.69,   346.50
  342.15,   728.34,   470.73
  340.93,   731.72,   595.19
  341.05,   849.24,   343.40
  339.34,   853.70,   467.51
  337.68,   856.80,   591.64
  472.22,   603.13,   351.61
  470.61,   606.62,   476.25
  468.75,   609.89,   601.12
  469.08,   727.04,   347.73
  466.59,   731.15,   472.20
  465.33,   734.62,   596.88
  466.35,   852.17,   344.07
  463.86,   856.44,   468.60
  462.17,   859.80,   593.55
  598.04,   606.44,   353.47
  595.68,   609.51,   479.08
  593.69,   613.29,   603.68
  594.86,   731.53,   349.70
  591.92,   734.50,   474.58
  589.97,   737.74,   599.47
  591.99,   856.05,   345.55
  588.56,   859.74,   470.85
  586.77,   863.12,   596.06
  348.52,   602.13,   475.51
  350.53,   603.93,   600.80
  352.49,   605.72,   726.17
  347.72,   727.17,   473.62
  350.06,   728.62,   598.06
  352.09,   730.50,   723.69
  347.35,   852.18,   472.23
  349.89,   854.05,   596.39
  352.24,   854.92,   721.65
  472.94,   602.11,   474.20
  475.23,   604.05,   599.06
  477.64,   606.68,   724.10
  471.89,   726.40,   471.70
  474.55,   729.06,   596.28
  477.43,   731.08,   721.55
  472.01,   851.82,   469.56
  474.37,   853.93,   594.55
  477.65,   856.06,   720.00
  598.21,   602.17,   473.27
  600.36,   604.46,   598.15
  602.88,   606.77,   722.47
  597.39,   727.07,   470.10
  599.50,   729.16,   595.25
  602.37,   731.47,   719.82
  597.08,   852.13,   467.71
  599.04,   854.42,   592.89
  602.43,   856.19,   718.02
  349.13,   599.10,   599.53
  350.15,   601.44,   725.24
  351.05,   603.96,   850.60
  348.43,   724.21,   596.88
  349.59,   725.82,   722.17
  351.02,   728.26,   847.90
  348.11,   849.33,   594.87
  349.92,   850.81,   720.09
  351.53,   852.86,   845.55
  473.88,   599.77,   599.04
  475.31,   602.25,   723.83
  476.14,   604.89,   848.70
  472.96,   724.43,   595.88
  475.35,   726.79,   721.11
  475.60,   729.65,   846.89
  472.84,   849.68,   593.99
  475.60,   851.71,   719.20
  476.52,   853.71,   844.80
  599.04,   599.96,   598.95
  600.74,   602.57,   723.12
  602.12,   605.35,   847.09
  597.96,   724.83,   595.66
  600.17,   727.12,   720.24
  601.58,   729.99,   845.53
  597.18,   849.71,   593.36
  600.03,   852.08,   718.21
  601.03,   854.34,   843.57
  473.09,    99.05,    98.13
  474.64,    98.55,   222.82
  476.53,    97.64,   348.42
  473.71,   223.77,    98.61
  475.42,   223.15,   223.68
  477.86,   222.68,   349.25
  474.39,   349.43,   100.00
  475.64,   348.29,   224.74
  477.79,   347.55,   350.44
  598.30,    97.99,    96.46
  600.07,    98.09,   221.27
  601.79,    97.34,   346.53
  599.18,   223.64,    97.57
  600.83,   222.64,   222.48
  602.97,   222.10,   347.01
  599.45,   348.91,    98.73
  601.07,   347.39,   223.28
  603.43,   346.61,   348.55
  723.19,    97.64,    95.11
  724.99,    97.33,   220.38
  726.58,    96.90,   344.48
  724.61,   223.28,    96.98
  726.64,   222.54,   221.63
  728.04,   221.66,   345.11
  724.65,   348.54,    97.26
  727.26,   346.89,   221.54
  728.93,   345.58,   346.18
  476.83,    98.31,   225.48
  478.43,   100.10,   350.98
  480.37,   101.65,   475.98
  475.43,   223.26,   223.70
  477.82,   225.09,   349.36
  480.08,   226.64,   474.22
  473.51,   348.33,   222.34
  475.72,   349.96,   347.70
  478.45,   352.01,   472.87
  601.92,   100.00,   224.18
  603.39,   101.80,   348.90
  605.29,   103.79,   473.82
  601.11,   224.58,   222.62
  602.67,   226.35,   347.14
  604.42,   228.31,   472.07
  598.98,   349.46,   220.79
  601.02,   351.09,   345.95
  603.25,   352.76,   471.29
  727.07,   101.69,   222.90
  728.70,   103.56,   347.01
  730.12,   104.96,   471.14
  726.62,   226.27,   221.97
  727.82,   228.03,   344.89
  728.70,   230.00,   469.43
  725.13,   350.91,   219.09
  726.75,   352.19,   343.70
  727.85,   353.95,   468.99
  476.30,   100.23,   348.49
  476.08,   100.29,   473.37
  475.96,   100.81,   598.05
  473.40,   225.39,   348.02
  473.98,   225.49,   473.39
  473.85,   225.76,   598.06
  469.49,   350.38,   348.29
  470.34,   350.51,   473.38
  470.54,   350.75,   598.59
  601.30,   104.18,   348.15
  601.13,   104.45,   473.36
  601.13,   104.04,   598.15
  598.59,   228.71,   347.79
  598.54,   228.82,   472.64
  598.23,   229.28,   597.78
  595.22,   353.13,   348.49
  595.48,   353.58,   473.55
  595.34,   353.94,   598.84
  726.18,   107.83,   348.23
  725.89,   107.60,   472.32
  725.59,   107.02,   598.21
  723.52,   231.98,   347.72
  722.59,   232.37,   471.95
  722.61,   232.84,   597.62
  720.69,   356.09,   347.83
  719.61,   356.30,   473.32
  719.65,   357.32,   598.72
  475.68,    98.20,   476.23
  476.78,    94.42,   600.91
  477.69,    90.79,   725.55
  476.82,   222.90,   479.98
  477.47,   219.47,   604.89
  478.11,   215.69,   729.38
  476.40,   347.88,   483.91
  477.71,   344.29,   608.72
  478.43,   340.70,   733.14
  600.58,    98.52,   474.85
  601.72,    94.51,   599.99
  603.17,    90.56,   724.92
  601.17,   223.38,   477.83
  602.07,   219.74,   602.94
  602.87,   216.22,   728.30
  601.23,   348.06,   482.70
  602.38,   344.47,   607.69
  603.18,   341.39,   732.23
  725.61,    99.11,   472.92
  726.73,    94.68,   598.75
  728.06,    90.19,   724.91
  725.56,   223.69,   476.03
  726.34,   220.18,   601.54
  727.68,   216.15,   728.17
  725.84,   347.68,   480.78
  726.70,   344.91,   606.18
  728.49,   341.62,   731.79
  476.59,    97.77,   597.81
  473.29,    99.02,   722.31
  470.35,   100.06,   847.90
  477.08,   223.23,   597.11
  473.33,   224.06,   721.67
  469.82,   224.02,   846.84
  476.51,   348.20,   596.34
  473.09,   349.07,   720.82
  469.29,   349.77,   846.07
  601.68,    98.81,   601.15
  598.93,    99.49,   725.75
  595.81,   100.14,   851.03
  601.38,   223.65,   599.47
  598.28,   225.02,   724.74
  595.43,   225.07,   850.17
  601.30,   348.75,   599.50
  597.63,   350.15,   724.02
  594.91,   350.69,   848.20
  726.33,    99.07,   603.89
  723.19,    99.53,   730.39
  720.58,   100.32,   855.04
  725.71,   224.92,   602.35
  722.81,   225.66,   728.75
  720.22,   226.25,   854.24
  725.65,   349.51,   602.30
  723.42,   351.05,   727.48
  721.06,   352.25,   852.16
  474.60,   223.54,    97.88
  471.53,   223.34,   222.72
  469.45,   223.24,   348.10
  470.79,   349.01,    98.56
  467.33,   348.77,   223.37
  465.04,   348.48,   348.73
  467.10,   474.38,    98.87
  463.35,   473.94,   224.24
  460.90,   473.59,   349.36
  599.97,   228.11,   101.40
  597.47,   227.34,   226.06
  594.58,   227.34,   350.54
  595.50,   353.19,   101.78
  592.85,   352.34,   226.12
  590.53,   351.94,   351.68
  591.72,   478.06,   101.80
  588.89,   477.70,   226.55
  586.48,   477.08,   352.09
  725.30,   232.23,   105.34
  722.73,   231.86,   229.91
  719.44,   231.31,   352.87
  721.02,   357.16,   104.93
  718.70,   356.19,   229.28
  715.83,   355.46,   353.88
  717.02,   482.31,   104.11
  715.10,   481.10,   228.29
  712.18,   480.40,   354.70
  476.55,   223.24,   222.49
  479.85,   226.70,   347.64
  482.96,   229.86,   472.96
  474.53,   348.58,   219.91
  477.64,   351.48,   344.93
  480.78,   354.89,   470.12
  472.55,   473.84,   217.27
  475.53,   476.94,   342.14
  478.64,   480.01,   467.33
  602.18,   225.28,   220.46
  604.67,   228.65,   344.91
  607.21,   231.70,   469.59
  600.10,   349.95,   217.28
  602.67,   353.16,   342.60
  605.57,   356.27,   467.93
  598.06,   475.45,   214.19
  601.02,   478.03,   339.91
  603.48,   481.25,   465.38
  727.86,   227.35,   218.97
  730.19,   230.48,   342.09
  731.75,   233.92,   466.45
  726.06,   351.95,   214.92
  728.42,   354.42,   339.40
  730.08,   357.84,   464.45
  724.34,   476.86,   210.84
  726.78,   479.44,   336.69
  728.86,   482.23,   462.77
  474.79,   222.80,   350.88
  477.57,   226.53,   475.95
  479.16,   230.44,   600.75
  471.41,   347.78,   347.73
  474.12,   351.43,   472.68
  476.57,   355.09,   597.76
  468.71,   473.03,   344.49
  470.96,   476.61,   469.05
  473.22,   480.40,   593.85
  600.08,   225.50,   348.46
  601.70,   229.25,   473.41
  603.53,   233.32,   598.07
  596.86,   350.13,   345.55
  599.10,   353.96,   470.99
  601.38,   357.76,   596.03
  594.22,   475.49,   342.27
  596.50,   478.88,   467.97
  598.46,   482.70,   593.01
  725.13,   228.61,   346.30
  726.03,   232.59,   470.59
  727.86,   236.19,   595.98
  722.38,   352.61,   343.12
  723.68,   356.30,   468.24
  725.38,   360.52,   593.77
  720.02,   477.32,   339.70
  721.76,   481.07,   465.82
  723.20,   485.05,   591.29
  474.13,   225.75,   476.41
  472.52,   229.27,   601.55
  469.93,   232.75,   726.03
  471.60,   350.66,   473.04
  470.08,   354.43,   598.02
  468.30,   357.98,   722.60
  469.08,   475.94,   469.42
  467.65,   479.47,   594.45
  466.40,   483.20,   719.07
  598.70,   227.93,   477.31
  596.84,   231.71,   602.15
  594.72,   235.34,   727.72
  596.79,   352.75,   474.76
  595.03,   356.61,   599.77
  592.86,   360.24,   724.42
  594.35,   477.50,   472.03
  593.08,   481.52,   596.87
  591.41,   485.29,   721.05
  722.76,   230.48,   477.92
  721.08,   234.05,   603.86
  719.83,   237.64,   730.18
  721.03,   354.53,   475.83
  719.52,   358.78,   601.43
  718.51,   362.76,   726.71
  719.72,   479.17,   473.63
  717.67,   482.83,   598.61
  716.69,   487.02,   723.01
  473.83,   226.25,   600.62
  471.66,   228.44,   725.41
  470.14,   230.22,   850.73
  476.53,   351.27,   598.70
  474.88,   353.62,   723.50
  473.33,   355.80,   848.51
  479.11,   476.57,   596.42
  478.20,   478.92,   720.92
  476.60,   481.23,   845.77
  598.31,   223.64,   601.36
  596.67,   225.90,   726.73
  595.64,   227.97,   852.50
  601.61,   348.67,   600.10
  599.61,   351.03,   724.77
  598.80,   353.34,   848.95
  604.41,   473.40,   598.45
  602.97,   476.21,   722.56
  602.04,   478.47,   846.32
  722.49,   221.14,   602.52
  721.43,   223.28,   729.01
  720.32,   225.19,   854.61
  726.03,   345.78,   601.25
  725.17,   348.62,   726.67
  724.80,   351.17,   851.19
  728.81,   469.69,   599.74
  728.42,   473.06,   724.35
  728.40,   475.90,   847.50
  476.23,   348.10,   100.50
  475.50,   346.44,   225.46
  475.71,   345.10,   350.71
  477.56,   473.34,   102.03
  476.68,   471.98,   227.57
  476.79,   470.31,   352.59
  479.45,   597.87,   103.63
  478.91,   596.58,   229.01
  478.33,   595.40,   353.68
  601.03,   347.16,   101.06
  601.13,   344.90,   225.65
  601.16,   343.34,   350.96
  602.40,   472.18,   102.38
  602.27,   470.25,   226.81
  602.72,   468.61,   352.78
  604.65,   596.61,   103.44
  604.81,   595.49,   228.14
  604.10,   593.63,   354.05
  726.45,   345.82,   101.66
  727.24,   343.55,   226.04
  726.98,   341.77,   350.26
  727.82,   470.68,   101.97
  728.37,   468.82,   226.46
  728.31,   466.86,   352.24
  729.97,   595.65,   102.78
  730.87,   594.64,   227.15
  730.46,   592.83,   354.12
  475.94,   351.50,   223.76
  475.63,   352.75,   349.14
  475.58,   353.88,   474.07
  477.99,   476.89,   222.88
  477.70,   477.87,   347.82
  477.47,   479.33,   472.80
  480.81,   601.48,   221.63
  479.94,   602.47,   346.48
  479.03,   603.92,   471.18
  601.56,   349.08,   224.36
  600.96,   350.10,   349.55
  600.49,   351.83,   475.18
  603.69,   474.18,   222.93
  603.18,   475.09,   348.87
  602.37,   476.52,   474.47
  606.84,   599.51,   221.67
  605.53,   600.26,   347.33
  604.40,   601.52,   472.96
  727.46,   346.84,   225.61
  726.68,   347.61,   349.90
  724.94,   349.12,   475.37
  729.86,   471.68,   223.18
  728.93,   472.45,   348.99
  727.56,   473.81,   475.48
  732.88,   597.87,   221.48
  731.67,   598.70,   348.30
  730.15,   599.51,   474.80
  474.13,   350.00,   351.38
  474.63,   349.58,   476.82
  474.86,   348.90,   601.83
  475.81,   475.53,   352.69
  476.25,   474.56,   477.49
  476.23,   474.04,   602.26
  477.73,   600.40,   353.13
  477.37,   599.26,   477.74
  477.59,   598.98,   602.71
  599.69,   348.10,   351.84
  599.60,   347.44,   477.02
  599.69,   347.00,   602.03
  601.43,   473.15,   352.69
  601.46,   472.15,   478.50
  601.08,   472.08,   603.36
  603.32,   598.21,   353.43
  602.81,   597.09,   478.91
  602.73,   596.66,   603.99
  725.17,   346.06,   351.46
  724.00,   345.19,   476.40
  723.76,   345.14,   602.00
  727.34,   470.74,   352.63
  726.61,   469.82,   478.54
  725.88,   469.57,   604.05
  729.82,   597.03,   353.75
  728.82,   595.64,   480.14
  727.95,   594.70,   605.23
  473.77,   351.51,   474.79
  477.34,   352.33,   599.71
  480.37,   352.49,   724.38
  476.63,   476.82,   474.28
  480.38,   477.37,   599.26
  483.86,   477.90,   723.95
  479.31,   601.36,   473.33
  483.24,   602.20,   598.14
  487.23,   603.03,   723.20
  598.59,   348.42,   471.54
  602.21,   349.29,   596.24
  605.40,   349.79,   721.33
  601.68,   473.23,   471.70
  605.35,   473.84,   596.35
  608.71,   474.74,   720.51
  604.38,   598.07,   470.63
  608.06,   598.81,   595.49
  612.23,   599.52,   719.70
  722.98,   344.89,   467.38
  726.71,   345.85,   592.84
  730.57,   347.10,   718.03
  726.60,   469.43,   467.74
  729.98,   470.37,   593.47
  733.91,   471.50,   717.56
  730.17,   595.04,   467.92
  733.34,   595.47,   593.16
  737.45,   595.92,   716.73
  476.04,   350.83,   598.22
  474.78,   352.16,   723.07
  473.60,   352.86,   848.06
  472.74,   476.18,   596.95
  471.96,   477.44,   721.77
  471.17,   478.43,   846.88
  469.46,   600.82,   595.22
  469.09,   602.33,   720.07
  468.26,   603.97,   844.85
  600.87,   353.86,   599.06
  599.56,   355.47,   724.07
  599.37,   356.51,   848.33
  597.77,   478.65,   598.41
  597.05,   480.31,   722.50
  596.37,   481.82,   846.37
  594.55,   603.39,   596.80
  594.48,   605.09,   721.18
  594.00,   606.83,   845.07
  725.27,   356.79,   599.89
  725.14,   358.51,   725.36
  725.07,   359.93,   849.43
  722.45,   481.35,   599.54
  722.29,   483.03,   723.95
  722.69,   484.85,   847.30
  719.72,   606.18,   598.76
  719.70,   607.61,   722.23
  719.92,   609.08,   845.79
  476.84,   474.05,    98.10
  475.74,   470.83,   223.64
  476.40,   466.94,   348.45
  476.84,   599.04,   102.17
  476.56,   595.51,   227.36
  476.22,   591.96,   351.93
  477.41,   723.48,   106.05
  477.18,   719.08,   230.56
  476.20,   715.71,   355.13
  601.55,   474.21,    98.22
  601.34,   470.62,   222.95
  601.72,   466.43,   348.60
  602.04,   599.22,   101.49
  602.47,   595.65,   226.61
  601.93,   591.74,   352.02
  603.14,   723.41,   105.65
  603.63,   720.46,   230.05
  602.22,   716.72,   355.45
  726.99,   474.45,    98.12
  727.78,   470.55,   221.93
  727.76,   466.28,   347.93
  727.66,   599.45,   100.95
  728.76,   596.38,   225.29
  728.36,   592.10,   352.00
  728.72,   724.45,   104.22
  729.76,   722.43,   229.24
  728.43,   718.72,   355.64
  473.72,   474.14,   227.21
  471.78,   477.01,   352.36
  469.84,   479.87,   476.94
  476.48,   598.79,   224.45
  474.07,   601.89,   349.22
  471.75,   604.56,   473.95
  479.67,   722.66,   221.54
  476.15,   725.74,   346.03
  473.52,   729.24,   470.27
  599.08,   471.86,   228.85
  597.15,   474.26,   354.76
  595.23,   477.35,   480.36
  602.25,   596.80,   226.05
  599.73,   599.43,   351.84
  596.98,   602.00,   477.06
  605.88,   721.74,   223.17
  602.03,   724.85,   348.37
  598.80,   727.09,   473.33
  725.24,   469.19,   230.73
  723.30,   471.87,   356.44
  720.28,   474.75,   482.68
  728.31,   595.44,   227.00
  725.78,   597.94,   354.02
  722.76,   600.34,   480.52
  732.10,   721.59,   224.79
  728.38,   724.51,   351.12
  724.44,   726.16,   476.84
  473.88,   476.71,   349.33
  471.03,   478.22,   473.93
  467.70,   479.70,   598.71
  472.20,   601.43,   347.71
  468.60,   602.81,   472.29
  465.53,   604.12,   596.71
  470.34,   725.37,   345.75
  466.69,   727.47,   470.22
  463.80,   729.07,   594.73
  599.51,   477.97,   352.57
  595.94,   479.44,   478.16
  592.55,   480.90,   603.23
  597.73,   603.21,   350.96
  593.68,   604.07,   476.63
  590.53,   605.76,   601.12
  596.39,   728.28,   349.23
  591.97,   729.30,   474.04
  588.33,   730.66,   599.24
  725.31,   479.43,   355.67
  721.27,   480.86,   481.83
  717.36,   482.32,   607.09
  723.76,   605.43,   354.47
  719.79,   606.52,   481.10
  715.77,   607.63,   606.11
  722.36,   731.82,   353.10
  716.97,   732.23,   479.00
  713.37,   732.67,   603.66
  474.32,   473.43,   476.85
  471.71,   472.46,   601.34
  468.98,   471.48,   726.58
  472.34,   598.21,   477.38
  469.86,   597.50,   602.08
  467.23,   596.84,   727.23
  470.41,   722.72,   477.72
  468.27,   722.01,   602.34
  466.53,   721.33,   727.82
  599.62,   474.50,   480.21
  596.84,   473.85,   605.35
  594.21,   473.19,   729.42
  597.55,   599.26,   480.90
  594.97,   598.71,   605.80
  592.67,   598.32,   730.13
  595.63,   724.47,   481.14
  593.03,   723.17,   605.74
  591.53,   722.75,   730.37
  724.80,   475.33,   483.08
  721.84,   474.81,   608.58
  719.09,   474.81,   732.43
  723.56,   601.07,   484.69
  720.13,   600.12,   609.74
  717.74,   599.34,   733.25
  721.10,   727.09,   485.04
  717.98,   725.31,   609.51
  715.90,   723.92,   733.60
  475.16,   475.10,   602.11
  477.65,   477.96,   726.91
  480.31,   480.85,   851.96
  476.91,   599.68,   598.69
  480.41,   603.01,   723.55
  483.03,   606.10,   848.43
  479.36,   724.37,   595.25
  483.15,   727.72,   720.64
  485.44,   731.21,   846.05
  600.26,   472.30,   600.25
  602.60,   475.77,   724.60
  605.83,   478.48,   848.27
  602.08,   597.12,   597.12
  605.54,   600.19,   721.25
  608.63,   603.52,   845.08
  604.04,   721.51,   593.53
  607.86,   724.96,   717.96
  611.37,   727.95,   842.81
  724.69,   469.20,   597.91
  727.94,   473.00,   722.30
  732.00,   476.43,   845.53
  727.53,   594.39,   595.73
  730.60,   597.29,   719.35
  734.39,   600.62,   842.68
  729.12,   719.61,   591.74
  732.63,   721.98,   715.85
  735.95,   724.65,   840.18
  475.60,   601.81,    99.59
  474.46,   600.19,   225.16
  473.28,   598.40,   349.83
  474.09,   726.05,   101.87
  473.04,   723.91,   226.60
  471.28,   722.31,   351.20
  472.46,   850.98,   103.96
  472.04,   848.89,   227.79
  470.11,   847.69,   352.48
  600.63,   603.84,   100.02
  600.17,   602.28,   225.10
  599.12,   600.48,   350.67
  599.65,   728.28,   102.03
  599.20,   726.93,   226.55
  597.13,   725.53,   351.86
  597.68,   853.35,   104.48
  598.47,   851.64,   228.52
  595.71,   850.12,   353.29
  726.26,   606.00,   100.20
  726.41,   604.87,   224.62
  725.28,   602.94,   351.22
  725.03,   731.03,   101.55
  725.75,   731.32,   226.69
  723.39,   729.35,   353.17
  722.49,   856.01,   103.87
  723.36,   855.90,   228.88
  720.94,   853.82,   354.15
  474.31,   600.69,   224.99
  471.56,   597.20,   349.67
  469.28,   593.86,   474.28
  473.80,   724.42,   228.23
  470.50,   721.24,   352.51
  467.97,   718.14,   477.14
  474.03,   849.16,   230.99
  470.47,   846.58,   355.70
  467.47,   843.48,   480.28
  600.16,   601.63,   226.52
  597.19,   598.04,   352.19
  594.67,   594.33,   477.51
  600.38,   726.58,   229.70
  596.49,   723.06,   355.00
  593.08,   719.51,   479.91
  600.21,   851.21,   233.29
  596.17,   848.11,   357.88
  592.17,   844.43,   482.90
  726.09,   603.49,   227.84
  723.53,   599.56,   354.38
  720.35,   595.61,   480.72
  726.41,   729.46,   231.58
  722.65,   725.71,   357.76
  718.80,   721.29,   483.58
  725.22,   854.07,   235.50
  721.07,   850.32,   360.57
  717.05,   845.98,   485.71
  475.54,   598.58,   348.65
  474.98,   597.02,   473.43
  474.67,   595.69,   598.12
  476.56,   722.38,   349.59
  475.68,   721.75,   474.25
  475.79,   720.61,   598.76
  478.41,   847.70,   350.56
  477.11,   847.03,   475.43
  476.96,   846.01,   600.11
  601.38,   597.55,   349.44
  600.14,   595.88,   474.75
  599.69,   594.83,   599.71
  602.73,   722.74,   350.27
  600.87,   720.88,   475.22
  600.49,   719.53,   600.46
  604.15,   847.49,   351.03
  602.11,   846.11,   476.13
  601.29,   844.62,   601.52
  727.37,   597.04,   349.97
  726.09,   595.12,   476.38
  725.19,   593.54,   601.62
  728.86,   723.42,   351.37
  726.57,   721.19,   477.33
  725.31,   718.99,   601.97
  729.11,   848.13,   352.26
  726.68,   845.70,   477.32
  726.02,   843.49,   602.32
  475.08,   598.83,   474.19
  475.60,   602.16,   599.33
  475.88,   605.90,   724.20
  474.01,   723.47,   470.53
  474.86,   727.03,   595.25
  475.65,   730.44,   720.71
  474.28,   848.80,   467.26
  474.45,   852.24,   592.21
  475.67,   855.00,   717.75
  600.35,   599.26,   475.29
  600.27,   602.66,   600.36
  601.08,   606.54,   724.21
  599.57,   724.14,   471.35
  599.59,   727.37,   596.42
  600.50,   730.86,   720.81
  598.99,   849.22,   467.80
  598.92,   852.60,   593.03
  600.25,   855.70,   717.59
  726.66,   600.32,   476.48
  725.94,   603.21,   601.59
  726.06,   606.76,   725.19
  725.11,   726.28,   472.70
  724.56,   728.56,   597.15
  725.25,   731.15,   721.42
  723.91,   850.66,   468.28
  723.67,   852.95,   593.21
  724.36,   856.00,   718.28
  472.66,   599.40,   599.90
  470.43,   599.46,   724.80
  467.23,   599.90,   849.73
  474.45,   724.16,   598.97
  472.36,   724.03,   724.49
  469.24,   724.93,   849.76
  476.36,   849.09,   599.23
  475.17,   849.06,   724.87
  471.89,   849.29,   850.17
  597.57,   597.06,   603.78
  595.59,   597.89,   727.64
  592.78,   597.94,   852.09
  599.09,   721.89,   602.89
  597.47,   722.25,   727.56
  594.72,   723.00,   852.45
  600.87,   847.26,   602.53
  599.70,   847.23,   727.35
  596.69,   847.38,   853.03
  723.31,   595.52,   607.68
  720.82,   595.61,   731.06
  718.77,   596.04,   854.65
  724.18,   720.52,   606.91
  722.37,   720.45,   730.51
  719.70,   720.27,   855.63
  725.72,   845.29,   605.56
  723.37,   844.94,   730.48
  720.87,   845.24,   855.54
  599.41,    98.24,    98.84
  596.56,    95.06,   224.12
  593.37,    91.50,   349.33
  596.89,   223.28,   103.18
  594.17,   219.53,   227.87
  591.20,   216.10,   352.45
  594.00,   348.66,   106.93
  590.97,   344.58,   231.43
  588.51,   340.54,   356.72
  724.50,   100.89,   102.69
  721.52,    97.77,   227.78
  718.26,    94.33,   351.86
  722.43,   226.16,   107.52
  719.78,   222.50,   231.60
  716.39,   218.76,   355.04
  719.16,   351.19,   110.43
  716.90,   347.07,   234.49
  713.91,   342.85,   359.14
  848.78,   102.87,   106.21
  845.97,    99.66,   230.80
  843.20,    96.76,   354.32
  847.08,   227.91,   110.36
  844.82,   225.03,   234.96
  841.18,   221.22,   357.55
  844.77,   353.90,   113.17
  842.51,   349.78,   237.61
  839.08,   345.32,   361.38
  598.28,   101.42,   226.83
  601.68,   100.57,   351.99
  604.53,    99.76,   476.85
  595.81,   226.15,   227.87
  598.76,   225.24,   352.65
  602.03,   224.37,   477.56
  591.92,   351.02,   228.95
  595.60,   349.67,   354.50
  599.49,   348.94,   479.53
  723.29,   104.56,   224.22
  726.59,   104.15,   348.21
  729.74,   102.86,   472.78
  721.22,   229.46,   225.77
  724.12,   228.22,   349.25
  726.25,   227.46,   473.36
  717.90,   353.80,   226.20
  721.29,   352.42,   350.62
  723.57,   351.59,   476.06
  847.89,   107.20,   221.35
  851.26,   106.71,   344.59
  854.71,   105.72,   468.73
  846.15,   232.38,   222.89
  849.08,   230.87,   345.63
  851.52,   229.91,   469.85
  843.31,   356.99,   222.82
  846.64,   355.38,   347.12
  848.49,   354.13,   472.04
  599.69,   102.13,   349.38
  596.96,    98.58,   474.26
  594.55,    94.75,   599.28
  598.18,   226.79,   352.44
  595.63,   223.20,   477.53
  593.09,   219.79,   602.19
  596.30,   351.54,   356.77
  594.31,   347.89,   481.73
  591.64,   344.91,   606.65
  724.45,   104.34,   351.59
  722.06,   100.42,   475.97
  719.28,    96.30,   601.94
  723.35,   228.73,   354.58
  720.11,   225.36,   479.16
  717.45,   221.81,   604.63
  721.80,   352.82,   358.80
  718.75,   349.52,   483.96
  716.37,   346.46,   609.21
  849.40,   105.71,   353.52
  847.10,   102.09,   478.00
  844.33,    97.94,   603.97
  848.29,   229.71,   356.68
  845.30,   226.38,   481.19
  842.06,   223.29,   607.98
  847.09,   354.28,   360.75
  843.48,   350.49,   486.08
  840.98,   347.07,   611.75
  598.67,    98.64,   476.59
  596.54,    96.57,   601.74
  594.93,    94.46,   726.71
  600.10,   223.45,   478.04
  597.94,   221.57,   603.02
  595.55,   219.84,   728.44
  601.11,   347.97,   480.68
  598.96,   346.64,   605.90
  596.68,   345.15,   730.44
  723.76,    97.93,   477.89
  721.54,    95.52,   603.94
  719.60,    93.15,   730.02
  724.47,   222.97,   479.29
  722.11,   221.24,   604.74
  719.92,   218.82,   731.25
  725.40,   347.12,   482.18
  723.60,   345.66,   607.98
  721.89,   344.28,   733.36
  848.67,    97.09,   479.30
  846.38,    94.83,   605.30
  843.76,    92.26,   732.42
  849.53,   221.28,   480.68
  846.67,   220.03,   607.63
  845.11,   218.82,   734.28
  850.41,   345.22,   483.68
  848.10,   343.89,   609.90
  847.30,   342.89,   735.44
  601.65,    99.67,   599.11
  602.33,    98.78,   724.36
  602.61,    98.50,   849.62
  600.33,   224.44,   598.69
  600.23,   224.31,   724.51
  600.89,   223.55,   850.03
  598.73,   349.55,   600.33
  598.76,   349.75,   725.04
  599.71,   348.92,   849.26
  726.10,   101.24,   598.50
  726.62,    99.97,   725.06
  727.75,    99.82,   849.93
  724.51,   226.84,   598.22
  724.90,   226.40,   724.56
  725.99,   225.85,   850.31
  723.09,   351.07,   599.65
  724.49,   351.63,   724.85
  725.51,   351.60,   849.49
  851.44,   103.14,   597.60
  851.33,   102.30,   725.12
  851.62,   101.86,   850.15
  849.24,   228.03,   598.15
  850.28,   228.62,   725.11
  852.64,   228.17,   849.09
  847.98,   352.13,   598.98
  849.25,   352.59,   724.71
  851.28,   353.21,   848.69
  599.50,   226.72,    99.72
  599.88,   227.76,   224.68
  600.14,   229.20,   349.11
  598.21,   351.81,    98.72
  598.28,   352.82,   222.93
  598.72,   354.01,   348.60
  597.57,   476.80,    97.15
  597.35,   478.10,   221.90
  598.03,   479.00,   347.57
  725.03,   227.62,   100.88
  725.40,   229.12,   225.26
  725.03,   230.39,   348.71
  723.65,   352.83,    98.86
  724.44,   353.49,   223.27
  724.53,   354.40,   347.66
  722.62,   478.13,    96.68
  723.51,   478.58,   220.83
  723.83,   479.47,   346.66
  849.44,   227.60,   100.55
  850.44,   230.07,   225.28
  850.09,   231.22,   347.93
  848.73,   353.94,    98.60
  849.82,   354.92,   222.81
  849.88,   355.45,   347.09
  848.40,   479.59,    96.44
  849.32,   479.83,   220.30
  849.01,   481.26,   346.38
  602.47,   226.83,   226.05
  603.25,   223.88,   350.78
  604.18,   221.32,   475.47
  599.02,   351.74,   228.82
  600.65,   348.59,   353.97
  601.78,   346.14,   479.07
  596.78,   476.73,   231.65
  597.61,   473.66,   357.19
  598.82,   470.77,   482.92
  727.93,   229.61,   226.22
  728.31,   227.18,   349.33
  728.34,   224.50,   473.63
  725.32,   354.01,   228.15
  726.11,   350.82,   352.74
  726.22,   348.28,   477.71
  722.73,   479.08,   229.96
  723.77,   475.90,   355.90
  724.25,   472.93,   482.06
  852.74,   232.21,   225.65
  853.28,   229.18,   348.02
  853.70,   226.17,   472.39
  850.44,   357.14,   227.02
  851.20,   353.59,   351.46
  851.36,   350.20,   476.33
  848.18,   482.34,   228.96
  848.85,   479.00,   354.97
  849.15,   475.99,   481.11
  598.53,   226.24,   349.99
  600.14,   226.76,   474.81
  601.77,   227.24,   599.90
  598.61,   350.62,   350.08
  600.72,   351.52,   475.54
  601.98,   352.04,   600.61
  598.73,   475.85,   349.97
  600.63,   476.43,   475.85
  602.42,   476.88,   600.82
  723.71,   226.08,   347.90
  724.61,   226.90,   472.27
  726.09,   227.37,   597.78
  724.19,   350.01,   347.70
  724.92,   350.96,   472.99
  726.67,   351.89,   598.74
  724.66,   475.09,   347.81
  725.97,   475.40,   474.16
  727.30,   476.37,   599.59
  848.49,   225.40,   345.75
  849.62,   225.72,   470.10
  850.77,   226.77,   596.78
  849.32,   350.15,   345.56
  850.24,   349.90,   470.77
  851.41,   350.41,   596.85
  849.85,   475.42,   345.81
  850.91,   475.31,   472.09
  852.16,   475.43,   597.57
  598.33,   223.62,   473.79
  598.58,   227.44,   598.73
  598.66,   231.39,   724.26
  595.04,   348.44,   471.24
  595.59,   352.52,   596.12
  595.45,   356.35,   720.91
  591.41,   473.33,   468.17
  591.73,   477.33,   593.09
  592.26,   481.34,   717.11
  722.93,   227.53,   472.54
  722.87,   231.48,   598.39
  723.33,   235.00,   724.51
  719.48,   351.53,   470.01
  719.62,   355.87,   595.59
  720.69,   360.29,   720.92
  716.58,   476.31,   467.70
  716.66,   480.09,   593.26
  717.13,   484.42,   717.18
  847.72,   230.26,   471.86
  847.77,   234.56,   598.24
  848.23,   239.07,   725.33
  844.65,   354.60,   469.15
  844.46,   358.30,   595.37
  845.64,   362.85,   720.67
  841.80,   479.79,   466.97
  841.61,   483.21,   592.71
  842.34,   486.89,   717.22
  599.45,   225.90,   600.97
  602.78,   225.57,   726.54
  606.30,   224.62,   852.26
  602.43,   350.47,   602.23
  605.64,   350.76,   727.21
  609.44,   350.23,   851.41
  604.52,   475.64,   603.04
  608.10,   475.66,   727.52
  612.09,   475.49,   851.21
  723.88,   223.68,   597.39
  727.56,   223.01,   723.63
  731.30,   222.47,   849.54
  726.57,   348.02,   598.61
  731.02,   348.43,   724.09
  735.20,   348.12,   848.74
  729.37,   472.38,   600.09
  733.65,   473.05,   724.19
  738.22,   473.35,   847.59
  848.63,   220.67,   594.18
  852.55,   221.35,   721.14
  857.55,   220.86,   845.38
  851.19,   344.61,   594.76
  855.72,   345.14,   720.52
  860.76,   345.69,   844.65
  854.61,   469.66,   596.17
  858.64,   469.49,   720.67
  862.90,   469.95,   844.95
  600.95,   349.63,    99.20
  597.93,   350.69,   223.61
  595.14,   352.40,   348.99
  599.04,   474.62,    97.17
  595.77,   476.06,   222.03
  593.16,   477.22,   347.59
  597.98,   599.10,    95.48
  595.15,   601.38,   220.16
  591.64,   602.37,   345.76
  726.20,   351.55,   102.68
  723.90,   352.50,   226.67
  720.74,   353.82,   351.45
  724.45,   476.48,   100.02
  722.08,   477.62,   223.95
  719.27,   478.80,   350.01
  723.06,   601.44,    97.67
  721.02,   603.78,   222.04
  717.69,   604.84,   348.54
  851.63,   353.59,   105.09
  849.39,   354.73,   229.76
  845.90,   355.71,   353.70
  850.04,   479.02,   102.46
  847.47,   479.88,   227.04
  844.57,   481.21,   352.78
  848.53,   604.00,   100.18
  846.32,   605.72,   225.03
  842.85,   607.12,   351.43
  601.45,   350.86,   226.14
  602.65,   347.29,   351.23
  604.01,   343.87,   476.62
  598.47,   476.18,   229.72
  599.65,   472.05,   355.28
  600.66,   468.72,   480.67
  595.99,   601.04,   233.26
  596.57,   597.28,   358.53
  597.21,   593.36,   483.98
  727.27,   353.62,   225.52
  728.20,   349.70,   349.80
  728.31,   346.46,   475.17
  724.61,   478.76,   227.78
  725.29,   474.77,   354.02
  725.81,   471.06,   480.10
  722.37,   604.63,   231.20
  723.01,   600.87,   357.97
  723.27,   596.89,   484.28
  852.86,   357.19,   224.31
  853.38,   353.07,   348.42
  853.58,   348.87,   473.50
  849.81,   482.34,   226.73
  850.83,   478.23,   352.88
  850.78,   474.53,   478.94
  847.56,   607.85,   230.22
  847.94,   604.11,   356.65
  848.41,   600.51,   483.01
  598.85,   350.81,   351.91
  599.85,   351.19,   477.20
  600.26,   351.49,   602.35
  601.58,   475.90,   352.40
  602.24,   475.88,   478.02
  602.95,   476.15,   602.95
  604.64,   600.98,   351.81
  604.50,   600.80,   477.63
  605.23,   600.99,   602.42
  724.56,   347.50,   350.98
  724.35,   347.91,   476.32
  724.90,   348.94,   601.76
  727.53,   472.47,   351.09
  727.66,   472.67,   477.33
  727.88,   472.92,   602.66
  730.74,   598.56,   351.39
  730.65,   598.55,   478.07
  730.82,   598.41,   602.83
  849.94,   345.25,   349.69
  849.26,   344.52,   474.96
  849.52,   344.97,   600.99
  852.61,   470.67,   350.27
  852.42,   470.30,   476.60
  852.96,   469.66,   601.78
  855.81,   596.38,   350.55
  855.84,   596.01,   476.78
  856.22,   595.62,   602.01
  600.88,   350.59,   477.35
  601.29,   348.79,   602.45
  600.93,   347.21,   727.06
  603.28,   475.52,   480.51
  603.26,   473.84,   605.23
  603.52,   471.94,   729.33
  605.13,   600.32,   482.22
  604.96,   598.41,   606.97
  605.81,   596.98,   731.35
  725.45,   348.10,   476.73
  725.44,   346.52,   602.22
  726.16,   345.18,   727.66
  728.09,   472.75,   480.06
  727.99,   470.88,   605.43
  728.55,   469.30,   729.69
  730.89,   598.63,   482.83
  730.72,   595.89,   607.80
  731.11,   593.87,   731.54
  850.52,   345.33,   475.76
  850.06,   343.23,   601.59
  851.36,   342.18,   727.64
  853.10,   470.75,   479.54
  853.17,   468.24,   605.01
  853.98,   466.12,   729.35
  856.11,   596.78,   482.21
  855.94,   593.92,   607.43
  856.07,   591.01,   731.64
  599.47,   351.59,   601.15
  596.58,   348.49,   725.38
  594.10,   344.24,   849.87
  600.16,   476.65,   605.07
  597.48,   473.16,   729.22
  595.11,   469.79,   853.13
  600.75,   601.11,   608.62
  598.75,   598.15,   732.63
  596.48,   594.86,   856.56
  723.74,   350.70,   603.27
  721.80,   347.51,   728.64
  720.08,   344.29,   853.28
  725.08,   475.19,   608.08
  723.07,   472.11,   732.13
  721.54,   469.02,   855.44
  726.29,   600.32,   612.00
  723.74,   596.76,   735.46
  722.35,   593.30,   858.97
  848.61,   348.81,   605.96
  847.16,   346.09,   731.40
  845.98,   343.19,   855.61
  850.07,   473.78,   610.34
  848.11,   470.39,   734.82
  846.70,   468.11,   858.98
  851.66,   599.25,   614.45
  849.04,   594.90,   738.49
  847.14,   591.89,   862.35
  599.22,   474.13,   101.02
  595.67,   473.44,   225.73
  592.45,   472.78,   351.38
  597.70,   598.74,   100.97
  594.23,   598.81,   225.88
  590.35,   597.86,   351.60
  596.32,   723.28,   101.70
  593.31,   723.10,   226.43
  588.47,   722.97,   351.45
  724.34,   476.08,   104.30
  721.57,   475.35,   228.42
  718.13,   474.25,   354.21
  723.28,   601.09,   103.69
  720.41,   601.36,   228.45
  716.68,   600.48,   355.19
  721.90,   726.04,   104.06
  719.83,   727.38,   229.08
  714.78,   726.83,   355.29
  849.92,   478.97,   107.37
  847.18,   477.56,   231.66
  843.56,   476.85,   357.58
  848.57,   603.71,   106.76
  845.70,   603.41,   231.81
  841.55,   602.92,   358.59
  846.85,   728.44,   106.73
  844.30,   729.26,   232.73
  839.36,   728.89,   358.75
  601.38,   477.01,   223.41
  598.67,   476.43,   349.11
  596.43,   476.89,   474.56
  602.82,   602.21,   222.97
  599.64,   601.88,   348.63
  596.85,   601.51,   474.02
  605.23,   726.77,   223.11
  601.17,   727.06,   348.25
  597.37,   726.56,   473.25
  727.20,   475.83,   225.10
  724.58,   475.46,   351.22
  721.44,   475.53,   477.32
  729.14,   601.61,   224.49
  725.98,   601.55,   351.26
  722.52,   601.10,   478.06
  731.16,   728.12,   224.85
  727.29,   727.95,   351.41
  722.61,   727.01,   477.12
  852.98,   475.33,   227.93
  849.94,   475.14,   353.78
  846.54,   474.96,   479.72
  854.23,   601.02,   227.48
  851.06,   601.18,   354.09
  848.04,   600.99,   480.38
  855.75,   726.47,   227.83
  851.73,   726.73,   353.65
  847.73,   726.46,   479.01
  598.98,   474.06,   349.84
  601.57,   474.10,   475.54
  603.92,   474.74,   600.64
  602.26,   599.25,   349.73
  604.10,   598.95,   475.26
  606.77,   599.52,   599.98
  605.56,   724.44,   348.85
  607.04,   724.09,   474.18
  609.42,   724.02,   599.29
  724.84,   470.56,   346.80
  726.64,   470.49,   472.99
  728.75,   471.25,   598.41
  728.43,   596.77,   347.09
  730.27,   596.56,   473.66
  732.16,   596.28,   598.65
  731.91,   723.34,   346.99
  732.46,   722.49,   472.98
  734.39,   721.49,   597.68
  849.98,   468.10,   344.44
  851.76,   468.00,   470.54
  853.83,   467.43,   595.88
  853.26,   593.77,   344.51
  855.14,   593.75,   470.86
  857.27,   593.51,   596.05
  856.49,   719.55,   344.55
  857.40,   719.37,   469.46
  859.83,   719.09,   594.75
  599.00,   474.27,   476.49
  600.92,   475.56,   601.48
  602.59,   477.01,   725.48
  596.17,   599.10,   474.85
  597.66,   600.20,   599.73
  600.23,   601.79,   724.00
  592.92,   724.07,   473.07
  594.84,   724.96,   598.07
  597.83,   726.36,   722.73
  724.23,   476.35,   474.78
  725.92,   477.89,   599.94
  728.00,   479.60,   724.30
  721.77,   601.97,   474.05
  723.09,   602.79,   599.32
  725.36,   604.09,   722.95
  718.37,   727.67,   472.56
  719.73,   727.98,   597.06
  722.37,   728.73,   721.10
  849.47,   479.20,   472.60
  850.97,   479.96,   597.79
  853.09,   481.33,   722.60
  847.44,   605.20,   471.98
  848.73,   606.06,   597.09
  850.37,   606.15,   721.22
  843.33,   730.69,   470.18
  845.19,   731.64,   594.98
  847.30,   731.63,   719.87
  599.12,   474.68,   600.50
  596.15,   478.71,   724.44
  593.56,   482.02,   848.35
  598.06,   599.66,   596.53
  595.77,   603.40,   720.65
  593.55,   606.78,   844.89
  597.04,   724.20,   592.41
  595.40,   727.87,   717.11
  593.18,   731.56,   842.16
  723.91,   474.89,   603.63
  721.51,   479.17,   727.51
  720.18,   482.90,   850.83
  723.63,   600.25,   600.44
  721.14,   603.76,   723.97
  719.29,   606.97,   847.53
  722.06,   725.35,   596.13
  719.98,   728.07,   720.25
  717.91,   731.50,   844.90
  848.89,   475.31,   606.03
  847.03,   478.86,   730.25
  845.01,   483.18,   854.27
  848.98,   601.10,   603.02
  845.96,   603.55,   727.04
  843.96,   606.87,   850.66
  847.57,   726.66,   598.25
  845.46,   728.74,   723.45
  842.40,   730.68,   848.63
  598.87,   600.52,    97.88
  595.35,   602.31,   222.97
  591.76,   603.43,   348.41
  599.42,   725.04,    97.00
  596.86,   726.72,   221.79
  592.05,   728.18,   346.77
  599.50,   849.98,    96.52
  597.46,   851.37,   220.13
  592.35,   853.18,   345.00
  724.30,   601.01,   100.66
  721.69,   602.93,   225.05
  717.72,   604.19,   352.06
  725.02,   725.81,    99.29
  722.82,   729.33,   224.24
  718.07,   730.34,   350.68
  724.39,   850.90,    98.52
  722.70,   853.79,   223.39
  717.36,   854.83,   348.60
  849.50,   601.80,   103.57
  847.01,   603.41,   228.71
  843.21,   604.45,   355.30
  849.95,   726.43,   101.94
  847.32,   729.08,   227.73
  842.72,   730.18,   354.13
  848.90,   850.77,   101.44
  846.69,   853.78,   227.47
  841.94,   855.31,   352.12
  601.14,   600.08,   226.09
  600.40,   599.13,   351.64
  600.21,   597.88,   477.03
  604.76,   725.05,   226.79
  603.43,   724.06,   351.98
  601.97,   722.60,   477.19
  608.03,   849.57,   227.81
  606.04,   848.78,   352.64
  604.26,   847.99,   477.73
  727.44,   598.60,   224.92
  726.87,   597.41,   351.72
  726.11,   595.68,   478.41
  730.90,   724.79,   226.14
  729.27,   723.78,   352.83
  727.35,   721.88,   478.62
  733.00,   849.63,   227.61
  731.12,   848.42,   353.15
  729.12,   846.49,   478.08
  852.46,   596.25,   225.05
  852.06,   595.22,   351.57
  851.32,   594.15,   477.90
  855.21,   721.89,   226.63
  853.81,   720.94,   352.52
  852.33,   719.59,   478.12
  857.09,   846.64,   228.52
  855.62,   845.68,   353.35
  854.00,   844.48,   477.91
  598.60,   599.96,   351.98
  597.64,   600.87,   477.55
  596.84,   602.57,   602.27
  598.67,   725.06,   350.08
  596.98,   726.04,   475.15
  596.49,   727.18,   600.14
  599.04,   850.23,   348.39
  597.03,   851.25,   473.53
  596.28,   852.47,   598.75
  724.73,   600.84,   352.50
  723.43,   601.73,   479.17
  722.37,   602.63,   603.96
  724.78,   727.41,   351.29
  722.48,   727.57,   477.01
  721.35,   728.03,   601.61
  724.09,   851.80,   349.64
  721.94,   852.07,   474.58
  721.01,   852.31,   599.75
  849.88,   601.27,   352.82
  848.68,   602.21,   479.34
  847.95,   602.94,   604.52
  849.60,   726.99,   351.76
  847.58,   727.72,   476.99
  847.04,   728.83,   601.86
  848.88,   851.80,   350.07
  846.72,   852.53,   474.53
  846.25,   853.44,   599.74
  599.47,   600.21,   475.66
  601.17,   598.80,   600.26
  603.00,   597.34,   724.74
  597.47,   725.26,   476.25
  598.84,   723.61,   601.28
  601.26,   722.14,   726.04
  595.54,   850.37,   477.91
  596.92,   848.62,   602.79
  599.82,   846.55,   728.04
  725.53,   602.62,   475.01
  726.68,   600.64,   600.35
  728.03,   598.92,   723.74
  722.80,   728.52,   476.45
  723.74,   725.73,   601.03
  726.01,   723.78,   724.90
  720.39,   852.93,   477.01
  721.68,   850.44,   601.68
  723.71,   848.48,   726.84
  850.74,   605.10,   473.34
  851.80,   602.96,   598.45
  853.02,   600.39,   722.96
  847.92,   730.65,   474.38
  849.18,   728.77,   599.06
  850.93,   725.47,   724.52
  845.25,   855.34,   474.82
  847.03,   853.20,   600.35
  848.93,   850.49,   726.52
  599.86,   600.35,   600.72
  596.75,   604.02,   724.76
  593.71,   607.88,   848.84
  602.68,   725.03,   596.51
  600.48,   728.83,   721.02
  596.87,   732.70,   846.09
  605.96,   850.05,   592.72
  603.73,   853.23,   717.68
  600.54,   856.94,   843.27
  725.00,   597.08,   605.43
  722.06,   600.76,   728.77
  719.28,   604.27,   852.55
  727.66,   722.21,   601.12
  724.99,   725.08,   724.86
  721.82,   728.68,   849.80
  730.48,   846.78,   596.47
  727.80,   849.98,   721.35
  724.70,   853.44,   846.29
  850.60,   594.13,   608.59
  847.02,   597.03,   732.85
  844.06,   600.57,   856.69
  853.27,   719.91,   604.08
  849.96,   721.91,   729.35
  846.22,   724.24,   854.27
  855.70,   844.34,   599.87
  853.25,   847.13,   726.19
  849.74,   849.69,   851.83
