27, 125, pa2-unknown-h-output1.txt
  193.43,   209.38,   200.68
  395.38,   408.77,   206.80
   99.30,   100.26,   101.74
   96.06,    96.34,   227.06
   93.08,    93.45,   351.94
  101.08,   225.40,   104.89
   97.89,   221.70,   230.30
   95.34,   218.67,   355.29
  102.90,   349.36,   109.57
   99.99,   346.32,   233.75
   96.82,   343.06,   358.26
  223.97,    98.21,   105.30
  220.91,    94.76,   230.27
  218.59,    91.67,   355.18
  225.91,   223.45,   108.64
  222.76,   219.95,   233.64
  220.59,   216.35,   358.39
  228.01,   347.95,   112.58
  224.78,   344.49,   237.16
  222.02,   340.84,   361.40
  348.81,    97.05,   108.37
  345.63,    93.28,   233.25
  343.55,    89.77,   357.83
  350.95,   222.06,   112.03
  347.77,   218.28,   236.66
  345.21,   214.25,   361.51
  353.28,   347.05,   115.29
  349.91,   343.32,   240.12
  346.06,   339.08,   364.82
  100.37,    98.39,   224.51
   99.72,    95.84,   349.69
   99.09,    92.97,   474.69
   99.99,   224.22,   227.19
   99.77,   221.05,   352.69
   99.21,   218.20,   477.61
  100.17,   348.55,   230.59
   99.55,   345.92,   354.93
   99.01,   342.61,   479.92
  224.82,    99.43,   225.46
  225.13,    96.12,   350.65
  224.99,    93.50,   475.47
  225.05,   224.51,   228.14
  225.15,   221.10,   353.14
  224.70,   217.66,   478.29
  225.30,   348.87,   231.13
  224.63,   345.35,   355.41
  224.01,   342.03,   480.12
  350.13,    99.60,   225.65
  350.34,    96.40,   350.35
  349.87,    93.23,   475.52
  349.92,   225.02,   229.03
  349.79,   221.15,   353.55
  349.42,   217.64,   478.73
  350.23,   350.01,   231.79
  348.87,   345.77,   356.80
  347.88,   342.45,   481.60
  101.45,   100.67,   348.60
  102.81,    97.80,   473.81
  103.75,    94.48,   598.39
  105.17,   225.91,   351.77
  106.82,   222.77,   476.67
  108.06,   219.11,   601.58
  109.04,   350.41,   354.28
  110.49,   347.18,   478.94
  111.47,   343.67,   604.28
  226.88,    97.10,   347.18
  228.56,    94.11,   472.33
  229.23,    91.04,   597.15
  230.29,   222.05,   350.28
  232.35,   218.68,   475.38
  232.90,   215.36,   600.11
  233.87,   346.29,   352.54
  235.13,   342.81,   477.20
  236.42,   339.43,   602.74
  351.49,    93.57,   344.85
  353.27,    90.40,   470.07
  354.31,    87.38,   595.58
  355.00,   218.39,   348.37
  356.86,   214.52,   473.31
  357.99,   212.17,   598.71
  358.02,   343.10,   351.74
  359.08,   339.44,   476.69
  360.64,   336.53,   601.40
   98.90,   100.11,   477.35
  102.21,   100.50,   601.75
  105.27,   101.42,   726.53
   98.98,   225.24,   476.54
  102.52,   225.37,   601.03
  105.59,   225.93,   725.92
   98.71,   349.75,   475.10
  102.10,   350.16,   600.11
  105.32,   350.47,   725.77
  224.80,   100.43,   473.59
  227.59,   101.09,   598.69
  229.95,   101.62,   723.47
  224.49,   225.01,   472.87
  227.38,   225.51,   597.63
  229.92,   226.26,   722.74
  223.50,   349.25,   470.98
  226.79,   349.75,   596.46
  229.75,   350.90,   722.03
  349.56,   100.41,   469.47
  352.81,   101.17,   594.82
  355.00,   101.73,   720.21
  349.10,   224.64,   469.07
  352.11,   226.01,   594.12
  355.29,   227.51,   719.55
  347.37,   349.73,   468.15
  350.84,   350.46,   593.34
  354.99,   351.94,   718.36
  100.76,    99.02,   600.94
  102.79,    95.74,   725.59
  104.77,    92.13,   850.17
  103.49,   223.80,   604.13
  105.47,   219.87,   728.97
  107.88,   216.89,   853.62
  105.21,   348.25,   607.56
  107.25,   344.68,   733.12
  109.20,   341.04,   857.94
  226.32,    97.38,   598.88
  227.45,    94.02,   723.46
  229.96,    89.61,   847.68
  228.12,   221.54,   602.07
  229.54,   218.50,   727.00
  232.30,   215.07,   851.32
  230.15,   345.85,   605.02
  232.03,   342.97,   730.61
  234.24,   340.12,   855.97
  351.58,    95.37,   595.98
  352.60,    91.96,   721.28
  354.55,    88.18,   846.22
  353.37,   220.10,   599.83
  355.02,   217.40,   725.34
  356.18,   213.87,   850.49
  354.40,   344.48,   603.21
  357.30,   341.79,   728.11
  359.90,   338.70,   853.39
   98.34,   225.76,   101.61
  101.39,   227.82,   226.69
  105.32,   230.05,   352.02
   95.79,   349.93,   100.21
   99.51,   352.11,   224.70
  102.53,   354.54,   349.32
   93.84,   475.05,    98.91
   96.82,   477.16,   222.83
  100.22,   479.20,   346.89
  223.26,   228.27,    98.39
  226.38,   230.13,   223.54
  230.10,   232.06,   348.71
  221.23,   352.75,    97.24
  224.31,   354.70,   221.66
  227.43,   356.43,   346.04
  219.13,   477.81,    95.76
  222.03,   479.56,   220.21
  224.97,   481.21,   343.76
  348.30,   230.97,    95.87
  351.20,   232.88,   220.40
  354.92,   234.03,   345.33
  346.31,   355.59,    93.44
  349.59,   357.99,   218.60
  351.81,   359.18,   343.36
  344.03,   480.09,    91.28
  347.54,   482.61,   216.57
  349.35,   484.12,   341.72
   98.24,   225.06,   223.60
  100.50,   225.00,   348.99
  102.46,   225.15,   473.90
   99.60,   349.39,   223.76
  101.81,   349.68,   348.31
  103.33,   349.68,   473.16
  100.61,   474.01,   223.41
  102.63,   474.29,   347.87
  104.66,   474.76,   472.65
  223.20,   223.75,   222.24
  225.61,   223.61,   346.98
  227.75,   223.49,   472.34
  224.52,   348.41,   222.33
  226.65,   348.26,   346.45
  228.44,   347.73,   471.06
  225.74,   473.33,   222.28
  227.62,   473.06,   346.15
  229.02,   472.91,   470.64
  348.26,   223.25,   220.55
  350.43,   222.46,   345.37
  352.43,   222.18,   470.39
  349.81,   348.15,   220.31
  351.07,   347.47,   345.22
  352.21,   347.07,   470.14
  351.06,   472.78,   220.27
  351.62,   472.81,   345.11
  352.80,   472.48,   469.67
  100.80,   225.27,   351.37
  101.79,   227.61,   476.42
  101.93,   229.50,   601.11
  101.70,   349.74,   348.27
  102.48,   352.03,   473.30
  102.84,   354.23,   598.21
  102.40,   474.41,   345.63
  103.12,   476.99,   470.35
  104.07,   479.32,   595.64
  225.81,   223.90,   350.38
  226.72,   225.88,   475.54
  227.07,   228.36,   600.48
  226.79,   348.41,   347.40
  227.38,   350.20,   472.05
  227.56,   352.68,   597.64
  227.30,   473.08,   345.10
  227.87,   475.46,   469.44
  228.60,   477.98,   594.83
  350.64,   222.82,   349.63
  351.69,   224.98,   474.78
  351.89,   227.64,   600.17
  350.84,   347.88,   347.52
  351.06,   349.61,   472.09
  351.95,   352.21,   597.27
  351.56,   473.02,   345.30
  351.43,   475.08,   469.84
  352.31,   477.62,   594.45
  100.09,   226.25,   474.24
  100.47,   226.95,   598.83
  100.95,   227.58,   723.69
  102.72,   350.74,   472.32
  103.39,   351.21,   597.52
  103.87,   352.14,   722.96
  106.06,   475.40,   470.88
  106.57,   476.41,   596.31
  107.00,   477.36,   721.97
  225.24,   222.35,   473.21
  225.23,   223.27,   598.56
  225.30,   224.66,   723.46
  227.90,   346.73,   471.31
  227.99,   347.59,   596.75
  228.52,   349.28,   722.50
  230.48,   471.92,   469.70
  231.31,   472.93,   594.89
  232.07,   474.25,   721.23
  349.81,   218.91,   472.53
  350.36,   220.62,   597.78
  350.55,   222.69,   723.40
  351.50,   343.98,   470.96
  352.26,   345.25,   596.26
  353.81,   347.16,   721.53
  354.05,   469.26,   470.07
  354.82,   470.51,   594.82
  356.82,   471.20,   719.57
   99.23,   224.72,   599.54
  102.47,   227.52,   724.41
  106.50,   231.59,   849.10
  100.14,   349.40,   595.84
  103.52,   352.14,   721.33
  106.85,   355.38,   846.61
  101.60,   474.46,   592.45
  104.53,   477.39,   717.97
  107.55,   480.49,   843.51
  224.16,   223.19,   596.02
  226.99,   226.52,   721.00
  230.70,   230.44,   845.72
  225.18,   347.46,   591.99
  228.27,   351.03,   717.93
  231.97,   355.32,   843.47
  226.12,   473.00,   588.59
  229.75,   476.17,   714.40
  233.13,   479.51,   840.49
  349.42,   222.63,   592.66
  352.15,   226.76,   718.31
  355.28,   230.06,   843.46
  349.11,   347.09,   588.93
  353.47,   350.96,   713.91
  357.36,   354.77,   838.97
  349.76,   472.24,   585.43
  354.29,   475.30,   710.43
  359.26,   478.36,   834.83
  100.88,   351.37,    99.84
   97.41,   354.81,   223.87
   94.11,   358.91,   348.37
  104.07,   475.95,    96.47
  100.48,   479.63,   220.67
   97.38,   483.53,   344.49
  108.07,   600.92,    92.57
  103.83,   604.98,   216.65
  100.34,   609.01,   341.55
  225.91,   348.66,   103.54
  222.73,   352.26,   227.90
  219.40,   355.51,   351.77
  229.26,   473.19,   100.14
  225.90,   476.64,   224.35
  222.03,   480.31,   348.15
  232.61,   598.56,    96.08
  228.65,   602.24,   220.66
  224.93,   605.60,   345.33
  351.09,   346.15,   106.27
  347.69,   349.79,   231.55
  343.58,   352.70,   355.92
  354.40,   470.68,   102.51
  351.14,   474.37,   227.88
  346.29,   477.79,   352.74
  356.89,   595.17,    98.79
  353.58,   598.95,   224.45
  349.74,   603.12,   349.09
  101.66,   350.25,   223.83
   99.01,   346.83,   348.09
   96.18,   343.32,   473.11
  101.48,   474.84,   227.26
   98.70,   471.34,   351.65
   96.18,   467.95,   476.47
  101.06,   600.52,   230.72
   98.56,   596.46,   355.54
   96.21,   592.61,   480.99
  226.86,   350.50,   226.92
  223.99,   346.28,   350.85
  221.35,   342.29,   475.59
  226.76,   474.93,   230.60
  223.66,   471.17,   354.26
  220.87,   467.24,   478.88
  226.18,   600.31,   234.29
  223.51,   596.84,   358.78
  220.85,   593.17,   483.15
  351.73,   351.06,   229.65
  348.19,   346.58,   354.30
  344.96,   342.61,   479.20
  351.89,   476.00,   233.29
  347.98,   471.89,   358.05
  344.12,   467.81,   482.81
  351.31,   600.01,   237.00
  348.11,   597.04,   361.80
  344.81,   593.75,   486.46
  100.35,   351.35,   349.35
   96.85,   351.51,   473.96
   93.64,   351.03,   599.41
  101.43,   476.08,   349.23
   98.49,   475.94,   473.85
   95.22,   475.99,   599.50
  102.78,   601.24,   349.91
   99.97,   600.70,   475.00
   97.06,   600.93,   599.90
  225.14,   349.46,   352.08
  222.05,   348.83,   477.04
  218.54,   348.98,   602.09
  226.22,   474.44,   352.45
  223.17,   474.19,   476.90
  219.81,   474.07,   602.02
  227.41,   600.22,   353.38
  224.55,   600.23,   477.99
  221.93,   600.04,   602.55
  349.23,   348.60,   356.12
  345.57,   348.01,   480.72
  342.64,   348.17,   605.97
  350.72,   473.64,   356.15
  346.44,   473.18,   480.79
  343.74,   473.31,   605.90
  351.99,   599.04,   356.57
  348.68,   599.37,   481.25
  345.53,   598.92,   605.89
  102.04,   348.47,   472.81
   98.62,   350.21,   597.96
   95.05,   352.12,   723.21
   98.89,   473.40,   470.29
   95.53,   475.31,   595.69
   91.83,   477.44,   720.90
   95.75,   597.95,   469.08
   92.81,   600.46,   593.96
   88.86,   603.10,   718.99
  227.18,   350.79,   475.44
  223.47,   353.02,   600.67
  219.76,   355.41,   726.63
  223.44,   476.10,   473.15
  220.24,   478.37,   598.19
  217.19,   480.46,   724.29
  220.70,   601.79,   471.80
  218.05,   603.86,   596.90
  215.07,   606.15,   721.94
  350.78,   354.38,   479.63
  347.71,   356.68,   604.44
  344.82,   359.84,   729.78
  347.03,   480.06,   477.25
  343.79,   481.92,   602.09
  341.99,   483.73,   726.75
  344.69,   605.90,   475.51
  341.35,   607.78,   600.09
  339.27,   608.54,   724.96
   99.72,   348.40,   598.54
  101.81,   351.70,   723.93
  104.08,   355.26,   849.20
  103.27,   473.55,   594.62
  105.24,   477.17,   720.13
  106.70,   480.29,   845.51
  106.87,   598.52,   591.25
  108.72,   602.53,   716.20
  110.63,   605.84,   841.28
  224.68,   344.51,   595.91
  226.65,   348.75,   721.50
  228.91,   353.17,   847.20
  227.76,   469.81,   591.87
  230.20,   473.68,   718.02
  232.21,   477.59,   843.98
  231.69,   595.43,   588.38
  234.52,   599.16,   713.71
  236.20,   602.09,   839.40
  348.80,   342.14,   593.98
  351.67,   346.62,   719.17
  354.51,   350.61,   844.09
  351.45,   467.20,   589.93
  354.92,   470.45,   714.86
  358.65,   474.37,   839.39
  354.89,   592.89,   586.54
  358.12,   595.52,   711.44
  361.51,   597.69,   836.16
   99.11,   473.21,   102.16
  100.69,   473.16,   226.12
  101.76,   473.16,   350.41
  101.42,   598.58,   102.00
  101.81,   598.44,   226.08
  103.30,   598.14,   351.05
  103.14,   723.89,   101.17
  103.35,   724.17,   225.97
  104.90,   724.09,   352.03
  224.24,   472.23,   100.49
  225.53,   471.78,   225.13
  226.76,   471.12,   349.17
  226.04,   597.34,   100.64
  227.01,   596.91,   225.08
  228.31,   596.87,   350.01
  227.85,   722.35,    99.85
  228.48,   722.40,   225.36
  229.62,   722.76,   351.27
  349.43,   471.31,    98.05
  350.96,   471.20,   223.62
  351.15,   470.53,   348.45
  350.53,   595.77,    98.42
  352.22,   595.34,   223.93
  352.83,   595.64,   349.00
  351.34,   720.13,    98.73
  352.91,   719.77,   223.81
  354.72,   720.87,   349.25
  101.13,   473.32,   223.91
   97.78,   473.06,   347.96
   94.81,   472.99,   472.73
   98.55,   598.81,   223.58
   95.44,   598.52,   348.54
   92.79,   597.54,   473.92
   96.51,   724.22,   223.87
   93.75,   724.25,   349.32
   91.05,   723.24,   475.31
  226.03,   475.48,   227.20
  222.75,   475.16,   351.15
  219.77,   474.47,   475.40
  223.79,   601.01,   227.50
  220.38,   600.71,   352.05
  217.87,   600.44,   476.49
  221.48,   726.34,   227.46
  218.62,   726.24,   353.49
  216.12,   725.87,   478.83
  351.21,   478.37,   230.30
  346.93,   477.66,   355.14
  342.98,   477.41,   479.83
  348.73,   602.73,   230.40
  345.18,   603.18,   355.57
  341.86,   603.17,   480.11
  345.79,   727.28,   230.50
  343.43,   728.38,   355.82
  340.87,   728.66,   480.78
  101.26,   472.89,   350.61
  103.93,   473.22,   475.57
  106.96,   473.84,   600.70
   97.94,   598.36,   350.92
  101.04,   598.06,   476.20
  104.08,   598.85,   601.01
   94.95,   724.12,   350.92
   98.00,   723.44,   477.10
  100.85,   723.96,   601.97
  226.21,   476.01,   347.90
  228.85,   476.14,   472.47
  231.71,   476.78,   597.52
  222.71,   601.51,   348.20
  225.69,   601.87,   473.07
  229.13,   602.20,   597.74
  219.46,   727.12,   349.11
  223.07,   727.58,   474.28
  226.54,   727.76,   598.65
  350.14,   479.90,   346.05
  352.02,   479.71,   470.72
  355.15,   480.06,   595.60
  347.21,   604.81,   345.73
  349.58,   605.53,   470.44
  352.53,   605.81,   595.14
  344.60,   729.98,   345.58
  348.02,   731.49,   470.32
  350.81,   731.53,   595.12
  100.73,   473.33,   476.26
  100.01,   470.08,   601.32
   98.96,   467.00,   727.16
  102.25,   598.03,   480.32
  101.58,   595.32,   605.25
  100.24,   592.73,   730.13
  103.27,   723.28,   484.54
  102.49,   720.35,   609.29
  101.56,   718.24,   733.27
  225.52,   471.81,   476.52
  224.79,   468.56,   602.00
  224.00,   465.90,   727.94
  227.06,   597.46,   480.46
  226.52,   594.56,   605.28
  226.17,   591.06,   730.82
  228.27,   723.05,   485.32
  228.23,   719.68,   609.66
  228.15,   716.40,   733.38
  348.92,   471.22,   478.47
  348.50,   468.25,   603.10
  348.89,   464.84,   727.77
  350.77,   597.35,   481.59
  349.98,   593.64,   606.10
  350.32,   589.38,   731.36
  353.23,   722.92,   485.03
  352.43,   719.29,   609.34
  351.38,   714.66,   734.24
  101.91,   476.13,   599.74
  103.83,   476.59,   725.19
  105.74,   476.69,   850.94
  102.38,   601.23,   599.54
  104.55,   602.38,   724.74
  106.74,   602.30,   849.75
  102.46,   726.52,   600.21
  105.17,   728.22,   723.83
  108.07,   728.25,   848.09
  226.44,   475.70,   596.50
  229.24,   476.38,   722.61
  231.53,   477.02,   848.81
  227.36,   601.15,   596.52
  230.67,   601.86,   721.88
  232.49,   601.87,   847.47
  228.32,   726.50,   597.07
  231.53,   726.86,   720.76
  233.40,   727.02,   845.44
  350.12,   475.61,   594.28
  353.81,   476.21,   719.34
  357.55,   476.54,   843.85
  350.89,   601.48,   593.91
  354.39,   600.79,   718.71
  357.70,   600.24,   843.55
  352.48,   727.15,   593.29
  354.74,   726.36,   718.43
  357.18,   725.31,   843.86
  101.04,   599.42,   100.68
  103.30,   602.70,   224.57
  106.67,   604.84,   349.76
   99.22,   725.03,    97.26
  101.54,   727.96,   222.24
  104.68,   730.68,   347.79
   97.75,   851.57,    93.60
  100.63,   853.13,   220.06
  103.13,   855.79,   345.60
  225.77,   602.25,    97.62
  228.16,   604.50,   221.93
  231.39,   607.20,   346.83
  224.07,   726.96,    94.35
  226.02,   730.11,   219.31
  229.54,   732.61,   345.19
  222.32,   852.51,    91.32
  225.25,   854.79,   217.03
  227.91,   857.53,   343.03
  350.18,   604.07,    93.61
  353.31,   606.45,   218.73
  356.23,   609.53,   344.06
  347.29,   728.43,    91.27
  350.42,   730.63,   216.16
  354.66,   734.32,   341.19
  345.55,   853.85,    88.75
  348.31,   856.04,   213.55
  352.40,   859.08,   338.87
   98.06,   600.62,   223.40
   95.01,   598.68,   348.46
   91.85,   596.73,   473.86
   98.06,   726.14,   225.46
   94.95,   724.68,   350.80
   92.24,   722.14,   476.78
   99.29,   850.95,   227.68
   95.42,   849.61,   352.96
   91.62,   848.54,   478.31
  222.90,   600.55,   227.55
  219.77,   598.76,   352.14
  216.82,   596.98,   476.68
  222.92,   726.10,   228.95
  219.93,   724.68,   354.84
  217.29,   722.73,   480.39
  223.89,   850.80,   230.69
  220.24,   849.49,   357.07
  216.69,   847.68,   482.56
  347.99,   600.42,   230.59
  344.28,   599.01,   355.78
  340.73,   597.75,   480.27
  347.55,   724.88,   232.33
  344.84,   724.61,   357.52
  342.17,   723.32,   482.50
  347.45,   850.21,   234.11
  345.02,   848.98,   359.27
  342.71,   847.74,   483.98
  100.14,   599.08,   350.21
   98.63,   599.02,   475.72
   96.70,   600.21,   600.54
   97.39,   724.60,   350.30
   95.56,   724.56,   476.06
   93.67,   725.01,   601.06
   94.52,   849.88,   349.65
   91.62,   850.91,   475.19
   89.42,   850.93,   600.25
  225.23,   602.45,   352.54
  223.51,   602.94,   477.17
  222.23,   603.76,   602.06
  222.02,   728.11,   352.93
  220.59,   728.39,   478.39
  219.28,   728.65,   602.58
  219.11,   852.92,   352.46
  216.76,   853.39,   478.03
  214.49,   853.51,   602.69
  349.69,   605.76,   354.77
  347.43,   606.79,   479.76
  345.57,   607.20,   604.29
  346.89,   731.09,   354.21
  345.40,   732.50,   479.12
  343.43,   732.63,   603.61
  344.18,   855.60,   353.77
  342.83,   856.65,   478.60
  340.61,   857.19,   603.30
   99.44,   597.96,   473.64
  101.31,   599.00,   598.52
  102.43,   600.34,   723.38
  100.83,   723.25,   474.00
  102.38,   724.19,   599.02
  104.00,   726.08,   722.54
  101.18,   849.50,   473.08
  102.72,   849.67,   597.89
  105.17,   850.55,   721.49
  224.52,   597.41,   471.69
  226.69,   598.35,   596.70
  228.42,   598.75,   722.11
  226.03,   723.09,   472.61
  228.43,   723.34,   596.93
  230.12,   723.95,   720.68
  226.63,   848.11,   472.07
  228.02,   848.09,   596.75
  230.25,   848.66,   719.46
  348.13,   596.80,   470.61
  349.98,   597.59,   595.33
  352.14,   597.06,   720.04
  350.90,   722.57,   469.95
  352.50,   723.07,   594.27
  353.54,   722.32,   719.55
  352.54,   847.03,   468.82
  354.10,   847.56,   593.55
  354.55,   847.96,   718.14
  101.84,   598.01,   600.17
   98.28,   598.70,   725.07
   94.94,   598.44,   849.86
  103.61,   723.09,   600.82
  100.41,   724.49,   724.91
   97.99,   724.16,   848.98
  104.06,   848.38,   600.60
  102.38,   849.27,   723.95
   99.94,   849.40,   849.20
  226.90,   596.18,   602.33
  224.19,   596.65,   728.00
  220.57,   596.25,   853.64
  229.04,   721.45,   603.13
  226.74,   721.81,   726.98
  223.35,   721.75,   851.72
  229.73,   846.28,   603.40
  227.77,   846.18,   726.37
  224.68,   846.89,   851.13
  350.18,   594.94,   605.53
  348.37,   593.82,   730.42
  346.10,   593.73,   855.12
  353.38,   720.32,   605.12
  350.11,   719.41,   730.32
  347.24,   718.29,   855.48
  355.44,   845.16,   604.81
  351.36,   845.00,   729.55
  348.25,   844.12,   855.22
  223.93,    99.21,    98.28
  223.23,    99.71,   223.83
  223.72,   100.04,   348.91
  227.32,   224.55,    97.98
  226.83,   224.67,   223.04
  227.36,   224.88,   348.09
  231.43,   349.12,    98.34
  230.88,   349.26,   223.03
  230.68,   349.00,   347.39
  348.55,    96.05,    99.12
  348.23,    96.59,   223.89
  348.98,    96.40,   348.46
  352.45,   221.24,    98.55
  352.11,   221.44,   223.48
  351.93,   221.01,   348.41
  356.57,   346.32,    98.13
  356.03,   346.63,   223.35
  355.09,   345.91,   348.33
  473.73,    92.74,    99.63
  473.46,    93.07,   224.12
  473.32,    92.50,   348.47
  477.63,   217.65,    99.49
  476.77,   217.80,   224.37
  476.81,   217.09,   348.70
  481.70,   342.78,    98.58
  481.24,   343.10,   224.15
  479.85,   342.47,   349.00
  225.39,    99.71,   223.51
  226.96,   102.69,   348.51
  227.94,   105.80,   473.57
  222.03,   224.69,   220.54
  223.57,   227.49,   345.32
  224.35,   230.10,   470.47
  218.98,   349.28,   217.46
  219.83,   351.52,   341.59
  220.33,   354.37,   466.51
  350.06,   103.48,   222.73
  351.93,   105.87,   347.17
  353.01,   108.99,   472.29
  346.77,   228.57,   219.61
  348.15,   230.62,   344.37
  348.73,   233.27,   469.38
  344.12,   353.60,   216.73
  343.92,   355.58,   341.66
  344.07,   357.86,   466.16
  475.08,   106.64,   221.71
  476.35,   109.17,   346.21
  477.59,   111.96,   471.18
  472.04,   231.78,   219.45
  472.73,   233.78,   343.75
  473.52,   236.76,   468.57
  469.29,   356.91,   216.08
  468.98,   359.51,   341.13
  468.54,   361.81,   466.24
  224.50,   100.82,   352.32
  222.63,   102.97,   477.53
  219.57,   104.96,   602.20
  221.24,   225.60,   350.17
  219.42,   227.15,   474.97
  216.38,   228.99,   600.24
  218.05,   350.02,   347.53
  215.81,   351.53,   471.96
  212.85,   353.33,   597.54
  349.40,   103.98,   353.90
  347.31,   105.71,   479.21
  344.43,   107.82,   604.62
  345.98,   228.47,   352.17
  343.67,   230.13,   477.27
  341.15,   232.41,   602.66
  342.14,   353.57,   350.06
  339.49,   354.85,   474.83
  337.12,   356.91,   600.04
  474.04,   106.75,   355.62
  471.86,   108.42,   480.89
  469.43,   110.82,   606.50
  470.70,   231.44,   354.20
  468.48,   233.44,   478.97
  466.41,   235.92,   604.63
  466.83,   356.88,   352.99
  464.06,   358.43,   478.06
  461.95,   360.48,   603.04
  227.87,   101.98,   477.03
  228.02,   101.54,   602.08
  227.79,   100.41,   727.19
  225.32,   226.46,   477.45
  225.56,   225.59,   602.63
  225.45,   225.24,   727.65
  221.97,   350.58,   477.56
  222.51,   350.01,   603.01
  223.17,   349.48,   728.56
  352.95,   104.48,   475.68
  353.29,   103.92,   600.84
  352.90,   103.35,   726.29
  349.89,   228.92,   476.61
  350.35,   228.48,   601.95
  350.60,   228.78,   727.37
  345.74,   353.71,   477.23
  346.81,   353.00,   602.35
  348.47,   353.15,   727.63
  477.18,   106.65,   474.17
  477.88,   105.84,   599.67
  478.18,   105.70,   725.50
  474.34,   231.49,   475.06
  475.30,   231.46,   600.60
  476.10,   231.74,   726.57
  470.22,   356.65,   476.92
  471.79,   355.99,   601.96
  473.59,   355.89,   726.79
  226.53,   102.05,   601.53
  228.18,    98.74,   725.97
  231.61,    95.09,   850.19
  228.71,   226.14,   604.40
  231.04,   222.92,   729.16
  234.39,   220.27,   853.60
  231.08,   350.35,   606.62
  233.44,   347.44,   732.50
  236.66,   344.96,   857.72
  351.54,    99.27,   597.77
  353.28,    96.01,   723.19
  355.71,    92.70,   848.37
  353.77,   223.92,   601.06
  356.03,   221.54,   726.90
  358.54,   218.44,   851.86
  355.29,   348.66,   603.91
  359.05,   346.14,   729.31
  362.24,   343.49,   854.33
  476.14,    96.39,   594.52
  478.35,    93.50,   719.96
  481.00,    90.23,   845.55
  478.90,   221.66,   597.88
  481.39,   219.71,   723.61
  483.16,   216.35,   849.57
  480.23,   346.37,   601.33
  484.01,   344.13,   726.68
  487.78,   341.16,   850.92
  226.01,   223.59,    98.65
  228.74,   222.16,   223.80
  232.58,   220.26,   348.75
  229.16,   348.33,   101.12
  231.98,   346.77,   225.61
  234.78,   344.44,   349.96
  232.24,   473.32,   103.00
  234.77,   471.09,   227.57
  237.31,   469.14,   351.52
  350.88,   221.40,    96.26
  353.64,   219.48,   221.11
  357.03,   216.94,   345.78
  354.01,   346.34,    97.49
  357.25,   344.72,   222.84
  359.30,   341.96,   347.43
  357.25,   470.89,    98.92
  360.06,   469.10,   224.41
  361.68,   467.24,   349.23
  476.05,   218.50,    93.38
  478.48,   216.93,   218.69
  481.66,   214.25,   342.81
  479.18,   343.41,    94.69
  482.28,   341.94,   219.73
  484.17,   339.58,   344.83
  481.91,   467.94,    95.99
  485.25,   466.60,   221.19
  486.76,   465.00,   346.73
  224.66,   224.47,   223.50
  224.94,   226.80,   348.13
  224.62,   228.84,   473.37
  221.79,   348.88,   220.92
  221.20,   350.93,   345.16
  220.53,   352.98,   469.73
  218.60,   473.47,   218.87
  217.79,   475.77,   342.66
  217.10,   478.10,   467.22
  349.73,   228.33,   224.02
  349.72,   230.07,   348.89
  349.05,   231.98,   473.88
  347.16,   353.18,   221.70
  345.50,   355.01,   346.18
  344.30,   356.69,   470.99
  343.82,   477.71,   219.10
  342.29,   480.00,   344.16
  340.68,   481.97,   468.58
  474.85,   231.73,   224.87
  474.40,   233.17,   349.25
  473.63,   235.42,   474.10
  472.22,   356.86,   222.01
  470.52,   358.72,   347.21
  468.76,   360.42,   472.59
  468.93,   481.19,   219.43
  466.68,   483.79,   344.92
  464.74,   486.26,   470.33
  225.21,   225.34,   349.82
  228.05,   225.38,   474.96
  230.18,   225.57,   600.16
  223.40,   349.78,   348.88
  225.94,   349.61,   473.79
  228.49,   350.09,   598.89
  221.76,   474.49,   348.53
  224.15,   474.79,   472.89
  227.03,   475.38,   598.48
  349.69,   226.90,   347.23
  352.65,   226.81,   471.99
  355.06,   227.57,   597.57
  347.62,   351.72,   346.91
  349.80,   351.34,   471.89
  352.55,   352.05,   596.89
  345.96,   477.03,   346.72
  347.69,   476.74,   471.35
  350.74,   477.29,   596.36
  474.43,   228.30,   344.16
  477.63,   228.21,   468.78
  480.35,   229.45,   594.39
  472.34,   353.64,   344.73
  474.43,   353.26,   469.51
  477.27,   353.86,   594.80
  470.92,   479.00,   344.36
  472.16,   479.08,   469.71
  475.02,   479.00,   594.50
  226.92,   223.51,   474.37
  225.24,   223.86,   599.50
  223.31,   224.63,   724.06
  224.19,   347.74,   472.53
  222.83,   348.51,   598.04
  221.49,   349.08,   723.88
  221.93,   473.09,   471.81
  221.18,   473.48,   597.22
  219.94,   474.47,   723.15
  351.50,   225.47,   475.01
  350.21,   226.50,   600.17
  348.44,   227.78,   725.82
  348.15,   349.96,   474.41
  347.11,   351.07,   599.31
  346.96,   352.14,   724.75
  345.36,   475.65,   473.91
  344.78,   476.10,   598.42
  344.81,   476.45,   723.56
  476.14,   227.64,   475.50
  475.27,   228.66,   600.99
  474.13,   230.35,   727.20
  472.63,   352.73,   475.80
  472.18,   353.55,   600.77
  472.08,   354.94,   725.76
  469.81,   478.24,   475.46
  468.98,   478.61,   600.39
  469.91,   478.46,   724.34
  225.57,   224.72,   598.72
  225.19,   224.41,   723.46
  226.18,   224.42,   848.02
  223.75,   349.24,   598.50
  223.70,   348.77,   724.45
  224.20,   349.00,   849.89
  222.27,   474.48,   598.93
  222.73,   473.89,   724.92
  222.88,   473.33,   850.97
  350.47,   226.58,   598.19
  350.22,   227.26,   723.75
  350.22,   226.54,   849.16
  347.88,   351.39,   598.23
  349.02,   351.51,   723.41
  350.08,   351.65,   848.67
  346.08,   476.68,   598.84
  347.62,   475.56,   723.78
  349.13,   475.15,   848.35
  475.69,   228.76,   597.25
  475.66,   228.96,   723.43
  475.08,   228.23,   849.24
  472.60,   353.39,   598.44
  474.11,   353.75,   723.36
  475.68,   353.12,   847.99
  470.09,   478.47,   599.32
  472.41,   477.10,   723.33
  474.53,   476.64,   846.96
  224.07,   349.44,   100.10
  227.36,   346.03,   224.71
  230.70,   341.78,   348.85
  222.52,   474.17,   104.23
  225.44,   470.66,   228.51
  228.37,   466.58,   352.31
  220.70,   599.50,   107.38
  223.02,   595.59,   232.24
  226.25,   592.24,   356.53
  349.30,   352.36,    96.21
  352.60,   348.99,   221.41
  355.24,   344.27,   346.55
  347.52,   476.88,    99.78
  350.84,   473.34,   225.34
  352.85,   469.44,   349.89
  345.14,   601.07,   103.56
  348.42,   597.54,   228.90
  351.03,   594.68,   353.72
  474.30,   354.47,    93.01
  477.75,   350.89,   218.47
  479.68,   346.86,   343.65
  472.49,   478.97,    96.37
  475.98,   475.82,   222.00
  477.68,   472.06,   347.41
  469.27,   603.03,   100.09
  473.41,   599.65,   225.38
  476.04,   596.73,   350.59
  224.53,   351.87,   225.43
  222.25,   352.55,   349.41
  219.84,   353.74,   474.04
  222.02,   476.57,   223.98
  219.19,   477.57,   348.05
  216.96,   478.83,   472.25
  218.88,   601.79,   222.61
  216.42,   603.25,   347.02
  214.60,   604.74,   471.66
  349.51,   355.40,   227.60
  346.40,   355.67,   352.46
  343.62,   356.51,   477.11
  346.95,   479.74,   226.25
  343.72,   480.95,   351.04
  340.54,   482.27,   475.68
  344.05,   604.25,   224.65
  340.98,   606.29,   349.95
  338.28,   608.17,   474.35
  474.71,   358.27,   229.94
  471.20,   358.92,   355.05
  467.84,   359.66,   480.42
  472.01,   482.56,   228.51
  468.46,   483.99,   353.88
  464.63,   485.32,   479.04
  468.84,   606.61,   226.87
  466.18,   608.86,   352.24
  462.95,   611.07,   477.34
  223.52,   349.11,   348.27
  222.41,   347.91,   472.77
  220.79,   347.51,   598.35
  226.93,   474.11,   348.87
  225.79,   473.22,   473.15
  224.86,   472.76,   598.49
  230.70,   599.67,   350.16
  229.83,   599.23,   474.82
  229.07,   598.61,   599.59
  347.93,   345.84,   350.09
  346.36,   344.77,   474.72
  344.94,   344.12,   600.04
  351.19,   471.08,   350.81
  349.31,   470.10,   475.51
  348.10,   469.47,   600.13
  355.38,   596.15,   351.42
  353.58,   595.66,   476.40
  352.74,   595.18,   600.93
  472.72,   342.43,   351.25
  470.76,   341.21,   476.71
  469.81,   340.83,   601.68
  476.11,   467.82,   352.43
  473.53,   466.82,   477.86
  472.75,   465.77,   602.40
  479.98,   592.39,   352.89
  478.14,   592.26,   477.97
  476.63,   591.43,   602.51
  224.33,   347.45,   474.29
  222.37,   351.51,   599.43
  220.17,   355.59,   725.26
  221.65,   472.62,   469.98
  220.17,   476.61,   595.23
  218.44,   480.55,   721.61
  219.32,   598.72,   467.30
  218.08,   602.38,   592.24
  217.07,   606.02,   717.63
  348.10,   350.46,   476.50
  346.46,   354.58,   601.41
  345.54,   358.80,   726.46
  345.02,   475.76,   472.58
  343.74,   479.61,   597.42
  343.35,   483.03,   722.26
  343.17,   601.89,   469.35
  341.65,   605.16,   593.68
  340.84,   607.77,   718.82
  472.46,   353.41,   478.71
  471.29,   357.36,   603.43
  470.93,   362.18,   728.47
  469.20,   479.28,   475.01
  467.79,   482.30,   600.03
  467.89,   485.48,   723.73
  467.62,   604.50,   471.15
  465.64,   607.97,   595.51
  464.85,   610.01,   720.59
  226.20,   348.39,   599.84
  227.45,   346.23,   725.56
  229.00,   344.78,   851.08
  228.46,   473.53,   602.09
  229.85,   471.19,   728.13
  230.94,   469.02,   854.00
  231.15,   599.25,   604.63
  233.01,   596.70,   729.99
  233.82,   593.72,   855.57
  350.39,   346.87,   598.70
  352.69,   345.45,   724.13
  354.54,   343.40,   849.13
  352.08,   472.14,   600.83
  354.61,   469.22,   725.84
  357.41,   467.11,   850.16
  354.62,   597.58,   603.35
  356.88,   594.07,   728.17
  359.49,   590.59,   852.97
  475.51,   345.29,   597.89
  477.83,   343.90,   722.66
  479.70,   341.79,   847.50
  476.39,   470.43,   600.28
  479.69,   467.31,   724.45
  482.59,   465.10,   847.77
  478.59,   595.88,   602.43
  481.02,   591.62,   726.93
  484.08,   588.50,   850.90
  225.98,   476.14,   100.40
  222.56,   476.05,   224.49
  218.89,   476.18,   348.62
  226.45,   600.93,    99.45
  222.57,   601.63,   223.90
  218.94,   601.73,   348.57
  227.12,   725.81,    98.09
  222.62,   727.05,   223.50
  218.86,   727.81,   349.26
  351.09,   476.18,   102.71
  347.68,   476.71,   227.88
  343.30,   476.73,   352.88
  350.84,   600.86,   102.00
  347.62,   601.07,   227.52
  343.67,   602.35,   352.71
  350.12,   725.39,   101.92
  346.98,   725.53,   226.82
  344.08,   727.34,   352.22
  476.30,   476.05,   105.96
  472.79,   476.65,   231.34
  467.98,   476.98,   356.84
  475.31,   600.45,   105.27
  472.47,   600.94,   230.50
  468.43,   602.01,   355.91
  474.13,   724.73,   105.34
  471.63,   725.28,   229.90
  469.43,   727.40,   354.71
  223.30,   476.57,   224.44
  220.51,   472.71,   348.34
  217.94,   468.69,   472.67
  221.61,   602.01,   228.10
  218.87,   598.06,   352.69
  216.79,   594.60,   477.19
  220.00,   727.45,   231.34
  217.35,   723.82,   357.19
  215.42,   719.99,   482.63
  348.41,   478.66,   226.77
  344.85,   474.73,   351.58
  341.43,   470.82,   476.19
  346.53,   603.05,   230.71
  343.64,   599.86,   355.51
  340.56,   596.32,   480.24
  344.34,   727.76,   234.29
  342.70,   725.17,   359.11
  340.22,   722.39,   484.01
  473.79,   480.10,   229.37
  469.47,   476.68,   354.75
  465.39,   472.52,   480.12
  471.61,   604.30,   233.01
  468.16,   601.59,   358.36
  464.90,   598.33,   483.17
  469.35,   728.69,   236.20
  467.83,   726.52,   361.03
  465.05,   723.63,   486.21
  223.72,   474.31,   350.43
  223.60,   473.15,   474.79
  223.18,   471.94,   600.11
  221.90,   599.95,   352.35
  222.25,   598.88,   477.05
  222.54,   597.84,   601.82
  220.26,   725.67,   354.73
  220.83,   724.65,   479.74
  221.37,   722.82,   604.27
  347.82,   476.94,   351.22
  347.06,   475.45,   475.96
  346.99,   474.06,   600.95
  346.53,   601.91,   352.83
  345.85,   601.07,   477.46
  345.79,   599.81,   602.27
  345.30,   727.22,   353.93
  345.93,   726.84,   479.13
  345.48,   725.14,   603.51
  472.82,   478.98,   352.23
  471.24,   477.49,   477.19
  471.12,   475.87,   602.14
  471.38,   604.02,   353.00
  470.63,   603.00,   478.22
  469.95,   601.34,   603.00
  470.71,   729.02,   353.28
  470.43,   728.52,   478.59
  469.63,   727.28,   603.21
  226.85,   473.17,   474.59
  228.09,   472.58,   600.08
  229.06,   471.81,   726.13
  225.97,   599.08,   476.39
  227.43,   598.19,   601.09
  228.87,   597.36,   726.66
  224.89,   724.67,   478.86
  226.84,   723.58,   602.90
  228.44,   722.80,   726.73
  350.10,   474.73,   474.49
  351.32,   474.25,   599.58
  353.68,   473.29,   724.25
  349.67,   600.57,   475.67
  351.15,   599.84,   600.29
  353.17,   597.98,   724.99
  349.93,   726.23,   476.42
  351.22,   725.53,   601.08
  352.10,   723.41,   725.91
  474.55,   476.74,   474.39
  475.90,   475.43,   599.53
  478.54,   474.27,   723.21
  474.16,   602.10,   474.82
  475.32,   600.99,   599.53
  476.88,   598.62,   724.55
  474.94,   727.52,   474.43
  475.37,   726.86,   599.33
  475.42,   724.80,   725.07
  225.25,   473.32,   597.89
  227.74,   477.17,   723.86
  230.30,   480.52,   849.76
  228.37,   599.05,   594.70
  231.21,   602.70,   719.78
  233.20,   605.61,   845.56
  231.15,   724.46,   592.44
  234.48,   727.61,   716.12
  236.55,   730.36,   840.32
  348.88,   471.46,   595.80
  352.66,   474.62,   720.54
  356.40,   478.30,   845.06
  351.80,   597.18,   592.24
  355.26,   599.65,   717.06
  358.57,   601.96,   841.68
  355.32,   722.57,   588.71
  357.76,   724.92,   713.48
  360.23,   726.73,   839.35
  473.22,   469.23,   594.29
  477.56,   472.29,   718.03
  481.42,   475.70,   841.67
  475.69,   595.13,   590.07
  479.06,   596.95,   714.92
  483.09,   599.03,   839.14
  479.61,   720.32,   585.91
  481.04,   722.97,   711.26
  483.84,   724.25,   837.39
  226.40,   601.63,   100.91
  222.25,   601.75,   225.42
  218.49,   602.13,   349.99
  225.60,   726.56,    99.85
  221.04,   727.35,   225.06
  217.55,   727.87,   351.15
  224.95,   852.00,    98.71
  220.90,   852.13,   224.63
  216.64,   852.81,   350.66
  350.65,   602.39,   103.56
  347.10,   602.83,   229.05
  343.12,   603.55,   354.15
  348.81,   727.10,   103.28
  345.22,   727.46,   228.38
  342.65,   729.02,   353.74
  347.48,   852.41,   103.16
  344.25,   852.77,   228.00
  341.60,   853.30,   353.21
  475.11,   603.49,   106.98
  472.35,   603.67,   232.14
  468.13,   605.08,   357.39
  472.79,   728.06,   107.04
  470.09,   728.37,   231.26
  467.78,   730.25,   356.57
  472.10,   853.88,   106.59
  468.74,   853.98,   231.05
  466.73,   854.83,   355.74
  226.11,   600.28,   224.90
  225.36,   603.57,   349.92
  225.19,   606.92,   474.19
  224.86,   725.67,   221.63
  224.17,   729.36,   347.58
  223.90,   732.27,   472.98
  224.71,   850.17,   218.19
  223.51,   854.09,   344.41
  222.19,   857.19,   469.92
  351.23,   601.38,   225.58
  350.10,   605.07,   350.59
  349.03,   608.78,   475.52
  349.48,   725.73,   222.24
  349.19,   730.03,   347.33
  348.98,   734.35,   472.48
  347.75,   851.11,   219.00
  348.47,   854.76,   344.13
  348.19,   858.32,   468.93
  476.36,   602.24,   226.19
  475.13,   606.42,   351.35
  473.30,   610.30,   476.52
  474.14,   726.56,   222.48
  474.46,   731.44,   347.30
  474.02,   735.55,   472.33
  472.62,   852.40,   218.94
  473.31,   855.97,   343.73
  473.62,   859.92,   468.70
  225.38,   598.31,   347.94
  227.40,   597.71,   472.54
  229.38,   597.07,   597.41
  224.82,   724.15,   349.81
  226.99,   723.35,   475.30
  229.40,   722.50,   599.50
  224.80,   848.78,   350.82
  226.15,   848.28,   476.20
  227.67,   847.01,   600.64
  350.24,   599.29,   346.77
  351.26,   598.74,   471.63
  352.60,   597.90,   596.15
  350.01,   724.28,   347.73
  351.99,   724.62,   472.39
  353.70,   723.29,   597.19
  349.75,   849.00,   348.15
  352.35,   848.88,   472.97
  353.75,   848.15,   597.82
  474.99,   599.55,   345.17
  475.88,   599.40,   470.52
  476.90,   598.72,   595.15
  475.17,   724.79,   345.26
  476.98,   724.80,   470.26
  477.75,   724.01,   595.20
  474.97,   849.34,   345.74
  477.43,   849.58,   470.48
  478.35,   849.23,   595.34
  225.09,   598.43,   474.47
  225.32,   596.75,   599.32
  225.00,   595.16,   724.67
  222.69,   724.05,   477.59
  223.55,   721.87,   601.96
  223.35,   720.27,   725.60
  219.72,   848.64,   479.71
  219.52,   846.50,   603.94
  220.14,   844.97,   726.65
  348.77,   601.49,   474.96
  348.81,   599.67,   599.69
  349.33,   596.88,   724.82
  347.82,   727.23,   476.99
  347.53,   725.20,   601.45
  346.77,   722.41,   726.30
  345.83,   851.09,   478.39
  345.20,   849.61,   602.82
  344.01,   847.33,   727.60
  473.26,   604.23,   475.75
  472.64,   602.29,   600.70
  473.02,   598.87,   725.39
  472.73,   729.52,   476.47
  471.61,   727.87,   601.31
  469.98,   725.15,   727.34
  471.05,   854.09,   477.73
  470.09,   852.87,   602.47
  468.27,   851.13,   727.73
  224.79,   600.56,   600.16
  227.34,   602.64,   725.21
  228.80,   603.87,   850.79
  223.20,   725.80,   599.18
  225.71,   727.84,   722.79
  227.47,   729.13,   847.35
  219.60,   850.65,   597.85
  222.44,   852.19,   720.83
  224.61,   854.42,   845.41
  348.53,   603.33,   597.78
  351.38,   604.00,   722.74
  354.22,   605.14,   847.48
  347.34,   728.93,   596.21
  349.26,   729.61,   720.88
  351.17,   729.76,   846.38
  345.16,   853.36,   594.27
  346.73,   854.87,   718.57
  348.19,   856.13,   844.06
  472.53,   605.73,   596.16
  475.04,   606.15,   720.97
  478.75,   606.71,   845.26
  471.69,   731.40,   593.16
  472.55,   732.27,   718.90
  474.85,   731.95,   845.19
  470.43,   856.32,   590.87
  470.73,   858.28,   715.98
  472.11,   858.45,   842.49
  349.53,   100.05,    98.72
  348.33,    99.74,   223.60
  347.42,    99.18,   348.09
  351.76,   225.31,    98.94
  349.93,   224.69,   224.12
  348.87,   223.65,   348.76
  353.93,   350.11,    99.32
  352.14,   349.74,   224.45
  350.06,   348.63,   349.16
  474.95,    98.63,   100.54
  473.24,    98.07,   224.92
  472.39,    97.21,   349.33
  476.70,   223.47,   100.72
  474.95,   223.18,   225.73
  473.57,   222.04,   350.25
  478.71,   348.31,   100.57
  477.52,   348.47,   225.88
  474.96,   347.13,   351.13
  599.96,    96.55,   101.71
  598.35,    96.20,   226.85
  597.03,    95.45,   351.17
  601.61,   221.67,   102.62
  600.01,   220.64,   227.40
  598.71,   220.36,   351.34
  603.69,   346.30,   102.85
  602.39,   345.94,   227.47
  600.39,   345.67,   352.23
  351.63,   101.96,   223.91
  352.25,    98.69,   348.27
  352.17,    95.89,   473.63
  349.24,   227.04,   226.86
  349.22,   223.37,   351.61
  349.22,   219.98,   476.64
  346.77,   351.76,   229.79
  345.83,   348.21,   354.45
  345.19,   344.94,   479.06
  476.59,   104.60,   224.39
  476.87,   101.11,   348.26
  476.56,    98.22,   473.52
  473.88,   229.59,   227.52
  473.98,   226.02,   351.80
  473.85,   222.85,   476.58
  471.82,   355.02,   229.89
  470.62,   351.29,   355.12
  469.74,   348.02,   480.52
  601.79,   107.00,   224.91
  601.37,   103.93,   349.30
  601.29,   101.12,   473.89
  598.85,   231.86,   227.94
  598.90,   228.68,   351.75
  598.63,   226.06,   476.38
  596.87,   356.81,   230.72
  596.34,   353.85,   355.33
  595.50,   350.81,   480.51
  349.02,    99.38,   348.34
  351.09,    96.27,   473.41
  352.64,    93.47,   598.58
  348.32,   224.05,   351.35
  350.38,   220.69,   476.44
  351.73,   218.30,   601.72
  347.55,   348.92,   354.37
  348.77,   345.18,   479.52
  350.24,   342.82,   604.58
  473.89,    99.60,   346.04
  475.99,    96.43,   471.19
  477.42,    93.30,   596.68
  473.23,   224.42,   349.77
  474.99,   221.17,   474.42
  477.22,   219.13,   599.83
  472.12,   349.92,   353.07
  473.10,   346.13,   478.31
  475.46,   343.63,   603.44
  598.41,    99.92,   344.97
  600.43,    96.89,   469.39
  601.73,    94.07,   594.72
  598.28,   225.16,   347.72
  600.08,   222.15,   472.14
  602.20,   219.39,   597.83
  597.82,   349.93,   351.33
  599.16,   346.77,   476.41
  601.29,   344.07,   601.81
  351.38,    99.68,   475.91
  353.93,    96.80,   601.17
  355.82,    93.87,   726.25
  348.28,   224.10,   479.27
  351.26,   221.30,   604.41
  353.46,   219.46,   729.94
  344.62,   348.69,   482.27
  347.89,   345.82,   607.27
  351.14,   343.90,   732.18
  475.87,   102.07,   472.34
  478.67,    98.91,   597.85
  480.78,    96.40,   723.07
  473.17,   226.84,   475.89
  476.41,   224.21,   601.30
  478.96,   222.16,   727.07
  468.97,   351.63,   479.78
  472.38,   348.80,   604.81
  476.56,   346.62,   729.88
  600.31,   104.87,   468.93
  603.33,   101.50,   594.29
  606.19,    98.65,   719.67
  598.08,   229.67,   472.23
  601.13,   226.88,   597.97
  604.08,   223.99,   723.76
  595.21,   354.59,   476.97
  598.33,   351.34,   602.29
  601.66,   348.69,   727.77
  349.93,   101.84,   599.79
  349.42,   102.12,   725.00
  349.69,   102.16,   850.13
  348.44,   226.87,   599.91
  348.58,   227.82,   725.43
  348.99,   227.68,   850.62
  346.28,   351.42,   599.39
  348.00,   352.34,   724.52
  349.12,   352.85,   849.56
  474.90,   102.68,   598.29
  474.93,   103.13,   724.04
  474.61,   103.12,   849.90
  473.55,   228.36,   598.84
  474.27,   229.16,   724.65
  473.66,   228.96,   850.49
  471.23,   352.91,   599.17
  472.99,   353.56,   724.28
  474.66,   353.91,   848.58
  599.22,   103.68,   597.05
  599.88,   103.89,   722.42
  600.65,   104.08,   847.85
  598.62,   229.09,   597.59
  599.36,   229.55,   723.78
  599.38,   229.20,   849.53
  597.24,   353.85,   598.74
  598.14,   354.26,   724.07
  599.30,   354.09,   848.23
  347.92,   226.63,    99.35
  351.28,   228.08,   224.18
  355.45,   228.96,   349.08
  349.43,   351.76,    97.52
  353.01,   353.05,   222.76
  355.95,   353.69,   347.62
  350.19,   476.18,    95.61
  354.23,   477.78,   221.00
  356.67,   478.94,   345.98
  472.72,   225.56,    95.71
  476.41,   227.18,   220.82
  479.98,   227.74,   345.38
  474.21,   350.51,    93.63
  477.99,   352.37,   219.30
  480.73,   353.09,   344.44
  475.29,   475.05,    91.94
  479.17,   477.06,   217.51
  481.34,   478.31,   342.91
  597.97,   224.08,    92.78
  601.15,   225.32,   217.68
  604.98,   226.87,   341.58
  599.31,   348.96,    91.01
  602.94,   350.20,   215.76
  606.24,   351.95,   340.48
  600.43,   473.86,    89.36
  603.99,   475.08,   213.52
  607.29,   476.82,   338.92
  348.12,   224.72,   226.70
  347.35,   226.09,   351.43
  346.52,   227.88,   476.62
  345.77,   349.79,   224.48
  343.92,   350.96,   349.45
  342.17,   352.75,   474.21
  343.11,   474.22,   222.49
  340.89,   475.90,   347.27
  338.76,   477.97,   471.83
  472.91,   227.55,   227.96
  471.97,   228.64,   352.42
  471.02,   230.97,   477.13
  470.57,   352.53,   225.48
  468.37,   354.30,   350.81
  466.66,   355.89,   476.02
  468.01,   477.47,   223.20
  465.32,   479.38,   348.86
  462.96,   481.44,   473.88
  598.02,   229.64,   229.25
  597.19,   232.04,   353.18
  596.21,   234.30,   477.86
  595.62,   354.93,   226.77
  594.21,   357.00,   351.54
  592.83,   358.83,   477.04
  593.13,   479.48,   224.07
  591.22,   482.04,   349.53
  589.19,   484.28,   475.06
  348.40,   225.70,   351.08
  349.44,   228.29,   475.90
  349.95,   231.72,   601.25
  348.94,   350.99,   347.91
  348.99,   353.07,   472.85
  349.96,   356.37,   597.72
  349.67,   475.86,   345.10
  349.73,   478.78,   469.81
  350.39,   481.84,   594.59
  473.24,   224.43,   349.91
  474.10,   227.25,   474.79
  475.15,   230.98,   600.37
  473.61,   349.98,   347.79
  473.77,   352.53,   472.72
  474.69,   355.59,   597.93
  474.34,   475.20,   344.70
  474.14,   478.32,   470.26
  474.86,   480.87,   594.96
  598.16,   223.78,   349.09
  599.38,   226.79,   473.57
  600.05,   230.17,   599.15
  599.33,   348.77,   346.76
  599.67,   351.36,   472.02
  600.82,   354.70,   597.31
  600.34,   473.73,   343.67
  600.58,   476.79,   469.29
  601.46,   479.61,   594.84
  349.58,   223.40,   476.27
  345.83,   223.26,   601.49
  341.29,   223.06,   727.13
  351.26,   348.39,   477.10
  347.80,   347.44,   602.09
  344.85,   347.68,   727.12
  353.57,   473.60,   477.99
  350.47,   472.65,   602.98
  348.07,   471.70,   727.78
  474.34,   220.53,   479.40
  470.98,   220.36,   605.01
  466.48,   220.34,   730.75
  475.82,   345.48,   481.33
  472.70,   344.83,   606.41
  470.12,   345.05,   731.36
  478.03,   471.04,   482.80
  474.93,   470.01,   607.43
  472.70,   468.61,   731.13
  599.44,   217.98,   482.26
  595.84,   217.15,   607.92
  591.85,   216.50,   734.39
  601.77,   342.59,   484.51
  598.34,   341.87,   610.34
  595.03,   341.16,   735.91
  604.68,   467.93,   486.09
  601.24,   466.44,   611.78
  597.98,   465.18,   736.25
  350.94,   223.56,   601.03
  349.93,   226.10,   726.55
  348.90,   228.14,   851.64
  347.89,   348.04,   598.63
  347.95,   350.64,   723.66
  348.40,   353.05,   848.73
  345.85,   472.91,   596.67
  346.47,   474.81,   721.51
  346.93,   476.53,   846.31
  475.91,   225.71,   601.07
  475.26,   228.52,   726.85
  473.57,   230.06,   852.99
  472.86,   350.32,   599.76
  473.43,   352.91,   724.62
  473.65,   355.00,   848.91
  470.25,   475.24,   598.06
  471.15,   476.68,   722.01
  472.45,   478.06,   845.59
  601.04,   227.30,   601.09
  600.38,   229.40,   727.44
  598.95,   231.14,   852.80
  599.00,   351.82,   600.48
  598.52,   354.20,   725.83
  598.14,   355.83,   850.10
  596.38,   476.98,   599.22
  596.34,   478.33,   723.54
  596.69,   480.20,   847.15
  350.68,   351.29,    98.76
  348.65,   350.90,   223.96
  345.83,   349.05,   348.96
  353.81,   476.00,    99.74
  352.02,   475.38,   224.87
  348.59,   474.17,   349.92
  356.21,   600.41,   100.38
  354.36,   599.77,   225.83
  351.93,   599.55,   350.97
  475.60,   348.31,   100.93
  473.60,   347.62,   226.10
  470.40,   346.32,   351.52
  478.69,   473.13,   101.60
  476.81,   472.54,   226.78
  473.19,   471.62,   352.53
  480.77,   597.01,   102.14
  479.35,   596.35,   227.73
  476.80,   596.61,   352.79
  600.41,   344.82,   103.94
  598.29,   343.89,   228.46
  596.16,   342.88,   353.37
  603.62,   469.26,   104.03
  601.64,   468.77,   228.65
  599.07,   468.01,   354.21
  606.10,   594.11,   104.83
  604.48,   593.04,   229.14
  602.03,   592.95,   354.72
  351.90,   351.33,   223.85
  350.29,   353.11,   348.61
  348.51,   354.93,   473.58
  349.29,   476.12,   221.52
  347.21,   478.01,   346.51
  345.31,   479.98,   471.20
  345.57,   600.19,   219.09
  344.43,   603.36,   344.19
  342.84,   606.24,   469.11
  476.88,   354.49,   224.92
  474.89,   356.25,   349.94
  473.16,   358.19,   475.47
  474.07,   478.95,   222.14
  471.80,   481.35,   347.64
  469.67,   483.60,   473.22
  470.49,   603.10,   219.56
  469.10,   606.28,   345.11
  467.31,   609.37,   469.97
  601.68,   356.70,   225.76
  600.65,   359.06,   350.61
  599.35,   361.37,   476.16
  598.89,   481.36,   223.20
  597.27,   483.89,   348.50
  595.62,   486.43,   473.98
  595.57,   606.05,   220.09
  594.36,   609.14,   345.45
  592.98,   612.26,   471.30
  348.48,   349.38,   350.33
  348.43,   347.97,   474.89
  348.90,   347.74,   599.93
  346.13,   474.48,   351.01
  345.84,   473.52,   475.59
  346.50,   472.94,   600.25
  344.37,   599.80,   351.88
  344.38,   599.53,   476.38
  345.32,   598.64,   601.20
  473.02,   351.91,   349.83
  473.05,   350.48,   475.13
  473.94,   350.43,   599.99
  470.71,   476.97,   350.72
  470.33,   476.29,   476.18
  471.01,   475.41,   601.02
  469.27,   601.76,   350.91
  468.91,   601.99,   476.19
  469.33,   600.70,   600.98
  598.81,   353.79,   349.08
  599.08,   352.81,   474.38
  599.80,   352.16,   599.86
  596.64,   478.60,   349.97
  596.36,   478.03,   475.72
  597.34,   477.21,   601.40
  594.56,   603.58,   349.85
  594.66,   603.84,   475.58
  594.85,   602.70,   601.20
  348.62,   349.05,   472.95
  346.95,   348.61,   598.11
  345.72,   348.98,   723.27
  349.07,   474.38,   473.68
  347.67,   473.86,   598.41
  347.47,   473.25,   723.38
  350.97,   600.38,   474.44
  349.38,   599.40,   599.07
  348.71,   598.00,   723.97
  473.53,   348.39,   475.52
  471.99,   348.01,   600.32
  471.26,   348.17,   725.51
  473.53,   473.97,   476.51
  472.38,   473.04,   600.90
  472.17,   471.91,   724.92
  475.47,   599.45,   476.51
  473.47,   598.82,   601.28
  472.70,   596.30,   726.09
  599.26,   347.33,   477.01
  597.99,   346.52,   602.32
  596.39,   346.60,   727.91
  600.05,   472.38,   478.04
  598.43,   471.84,   603.46
  597.15,   470.72,   728.23
  601.57,   598.23,   478.04
  599.27,   597.45,   603.72
  597.74,   595.52,   728.66
  350.21,   348.32,   598.75
  353.86,   346.09,   723.70
  357.15,   343.92,   848.86
  349.97,   473.58,   601.34
  354.24,   470.13,   726.16
  358.53,   467.27,   850.79
  351.13,   599.28,   604.36
  355.12,   594.80,   729.44
  358.88,   591.06,   854.23
  474.94,   348.62,   596.06
  479.09,   346.44,   720.96
  482.49,   343.45,   845.88
  474.26,   473.51,   599.28
  479.05,   469.90,   723.26
  483.58,   466.68,   846.87
  475.30,   598.85,   601.80
  479.09,   594.18,   726.72
  483.48,   590.06,   850.52
  600.92,   347.90,   593.31
  603.93,   345.39,   718.98
  606.96,   342.34,   843.39
  600.59,   472.77,   597.23
  604.24,   469.30,   721.65
  607.72,   466.41,   845.05
  600.99,   598.52,   599.97
  604.13,   594.19,   724.65
  608.02,   590.47,   848.29
  352.07,   474.29,    97.94
  354.80,   477.17,   223.37
  355.86,   479.02,   348.44
  355.26,   598.62,    95.52
  357.97,   601.10,   220.82
  359.96,   604.43,   345.74
  358.53,   723.44,    93.03
  360.80,   725.63,   217.98
  363.96,   729.45,   343.10
  477.32,   470.69,    95.71
  479.75,   473.60,   220.97
  480.71,   475.73,   346.46
  479.98,   594.90,    93.17
  482.74,   597.55,   218.11
  484.69,   600.80,   343.31
  482.40,   719.53,    91.04
  485.67,   721.88,   215.31
  489.02,   726.05,   340.01
  601.97,   466.85,    94.14
  604.80,   468.98,   218.39
  606.57,   471.69,   343.71
  605.27,   591.20,    91.45
  607.85,   593.63,   215.60
  610.01,   596.86,   340.78
  608.17,   716.12,    88.62
  611.23,   719.06,   212.17
  613.99,   722.17,   337.65
  351.12,   475.43,   223.23
  353.83,   474.96,   348.44
  356.43,   474.74,   472.89
  348.10,   599.92,   223.56
  351.33,   600.27,   348.64
  354.63,   600.75,   473.30
  344.48,   724.41,   223.27
  349.04,   725.71,   348.52
  353.03,   726.50,   473.37
  476.47,   478.32,   219.29
  478.41,   478.28,   344.91
  480.93,   478.13,   470.45
  473.02,   602.42,   219.24
  476.03,   603.33,   344.64
  479.05,   603.74,   469.99
  469.26,   726.81,   219.01
  473.96,   728.35,   344.12
  478.14,   729.31,   469.16
  601.02,   480.38,   215.65
  604.10,   480.42,   340.85
  607.29,   480.80,   466.50
  598.03,   604.84,   215.42
  601.36,   605.39,   340.41
  604.82,   606.28,   466.08
  594.57,   730.23,   214.93
  599.31,   731.11,   340.16
  602.83,   731.53,   465.64
  349.07,   476.49,   348.96
  351.93,   479.77,   473.81
  356.02,   482.99,   598.50
  351.36,   602.06,   346.19
  354.66,   605.38,   470.96
  358.24,   608.51,   595.21
  353.72,   727.01,   342.63
  358.02,   731.27,   467.34
  361.75,   734.01,   591.94
  474.03,   475.16,   346.01
  476.34,   478.02,   471.11
  480.35,   481.04,   595.82
  476.33,   599.90,   342.14
  479.02,   603.60,   467.23
  482.71,   606.82,   592.16
  478.82,   724.91,   338.24
  482.61,   729.10,   463.27
  485.81,   732.43,   587.95
  599.48,   472.53,   341.83
  602.93,   475.86,   467.37
  606.58,   478.75,   592.79
  601.30,   597.82,   337.81
  604.85,   601.48,   463.54
  608.23,   604.80,   589.41
  603.61,   723.30,   334.32
  607.12,   726.99,   459.76
  610.18,   730.19,   585.01
  349.00,   475.15,   474.81
  349.90,   477.40,   599.63
  351.85,   479.35,   724.42
  351.17,   600.89,   472.77
  351.82,   603.13,   597.44
  353.21,   603.80,   722.66
  353.83,   726.55,   470.79
  354.22,   728.75,   595.38
  354.58,   729.49,   720.42
  473.41,   474.51,   475.17
  474.48,   476.42,   599.92
  476.72,   478.01,   724.00
  475.70,   600.12,   472.51
  475.77,   602.12,   597.59
  477.02,   602.35,   722.11
  478.37,   725.35,   469.70
  478.70,   727.52,   594.22
  478.02,   728.79,   720.07
  599.96,   472.87,   474.84
  600.62,   475.03,   600.11
  601.76,   476.74,   725.09
  601.43,   598.57,   471.95
  601.63,   600.60,   597.72
  602.49,   601.64,   722.73
  603.28,   723.92,   469.44
  603.22,   726.59,   594.32
  603.12,   728.08,   719.54
  348.66,   473.78,   600.85
  352.66,   474.51,   725.98
  356.00,   475.62,   850.35
  350.81,   599.41,   600.04
  354.09,   599.43,   724.91
  357.29,   599.44,   849.77
  353.27,   725.20,   598.92
  355.67,   724.77,   723.82
  357.84,   724.03,   849.44
  473.21,   472.76,   599.45
  477.25,   473.10,   723.24
  481.40,   474.06,   846.91
  474.84,   598.44,   597.78
  477.86,   597.58,   722.74
  482.01,   597.66,   846.59
  477.37,   723.98,   595.95
  478.96,   724.02,   721.64
  482.02,   722.76,   847.52
  599.17,   471.15,   597.60
  602.58,   471.59,   722.29
  605.68,   472.70,   845.44
  600.39,   596.62,   596.12
  603.11,   596.57,   720.87
  606.57,   596.73,   844.82
  602.18,   722.51,   593.96
  603.80,   722.82,   719.05
  606.97,   721.98,   844.72
  348.78,   598.08,   100.57
  348.29,   595.41,   226.11
  347.03,   592.61,   351.05
  345.80,   722.89,   103.92
  345.24,   719.81,   228.95
  345.00,   717.94,   354.01
  343.93,   847.78,   106.68
  343.05,   845.11,   231.61
  343.27,   842.58,   357.13
  473.10,   600.20,   101.36
  473.13,   597.20,   226.38
  471.78,   595.08,   352.08
  469.90,   724.54,   104.83
  470.10,   721.60,   229.09
  470.26,   720.24,   354.25
  468.03,   849.99,   107.60
  467.73,   847.23,   232.21
  468.42,   844.75,   356.60
  598.42,   602.23,   102.56
  597.93,   599.17,   226.98
  597.10,   596.91,   352.24
  595.71,   727.25,   105.51
  595.61,   724.77,   229.33
  595.27,   722.29,   354.70
  594.60,   852.99,   107.34
  594.03,   849.76,   232.39
  593.55,   847.36,   357.89
  350.68,   599.87,   223.75
  353.92,   598.33,   348.82
  357.01,   596.82,   473.33
  350.57,   724.42,   225.63
  355.16,   723.71,   350.69
  359.31,   722.47,   475.34
  351.18,   849.57,   227.33
  356.14,   848.44,   352.54
  360.96,   846.82,   477.39
  475.70,   599.11,   219.52
  478.89,   597.68,   344.94
  481.73,   596.50,   470.08
  475.34,   723.57,   221.36
  480.17,   723.03,   346.31
  484.16,   721.71,   471.23
  475.89,   849.01,   223.32
  481.28,   847.64,   348.08
  485.73,   846.57,   472.65
  600.61,   598.08,   215.53
  604.06,   596.79,   340.85
  607.56,   595.47,   466.38
  601.05,   723.67,   216.86
  605.43,   722.34,   342.38
  608.79,   720.81,   467.86
  602.44,   849.28,   218.99
  606.27,   847.48,   344.85
  609.68,   845.58,   469.48
  351.46,   601.38,   350.53
  347.29,   601.72,   475.11
  343.63,   601.45,   599.72
  353.29,   726.42,   350.40
  350.05,   727.44,   474.97
  346.71,   727.09,   599.59
  354.93,   851.28,   350.26
  352.44,   851.77,   474.95
  348.21,   851.65,   599.68
  475.98,   600.03,   353.81
  471.78,   600.33,   479.17
  467.75,   600.37,   603.64
  478.57,   725.14,   353.13
  474.98,   725.84,   478.37
  470.75,   726.03,   602.91
  480.31,   849.70,   352.97
  477.41,   850.58,   477.44
  472.98,   850.72,   602.47
  601.31,   597.93,   357.22
  597.27,   598.75,   482.74
  593.51,   598.43,   608.19
  603.47,   723.60,   356.65
  599.52,   723.92,   482.11
  595.13,   724.29,   606.94
  605.20,   848.50,   356.88
  601.38,   849.03,   481.61
  597.21,   849.73,   605.91
  348.61,   600.16,   473.59
  345.69,   601.78,   598.23
  343.42,   602.52,   723.13
  352.83,   726.00,   472.11
  349.72,   727.38,   596.58
  346.34,   727.58,   721.34
  356.06,   850.44,   470.42
  352.65,   851.87,   594.83
  348.56,   852.97,   719.46
  472.81,   597.99,   476.99
  469.80,   599.36,   601.72
  467.28,   599.06,   726.52
  477.25,   723.42,   474.57
  473.64,   725.16,   599.31
  469.47,   725.55,   725.18
  480.98,   847.94,   472.54
  477.50,   850.01,   597.26
  472.65,   851.48,   722.57
  598.54,   595.34,   480.16
  595.24,   596.56,   605.66
  592.36,   596.95,   730.51
  602.09,   720.41,   478.07
  598.29,   722.19,   603.00
  594.03,   723.18,   728.18
  605.03,   845.42,   475.99
  601.52,   847.36,   600.50
  597.35,   849.40,   725.27
  348.67,   598.72,   600.19
  351.11,   600.10,   725.39
  353.15,   601.44,   850.16
  352.63,   724.34,   598.01
  353.54,   725.49,   723.08
  354.35,   726.39,   848.45
  355.42,   848.70,   595.62
  355.56,   850.84,   719.90
  356.01,   852.33,   845.47
  472.86,   596.35,   599.61
  475.04,   597.13,   724.31
  477.82,   598.85,   848.42
  476.71,   722.20,   596.30
  476.81,   723.34,   721.88
  478.35,   723.83,   848.28
  480.12,   847.24,   593.32
  479.62,   849.62,   718.60
  480.21,   850.14,   845.02
  598.49,   594.11,   599.13
  600.05,   595.00,   723.97
  602.09,   596.89,   847.82
  601.30,   719.67,   595.50
  601.87,   721.77,   720.75
  603.42,   721.93,   846.27
  604.00,   844.81,   591.86
  604.21,   847.86,   716.52
  605.18,   848.47,   843.46
  474.09,   100.18,    98.97
  475.11,   102.42,   223.93
  476.39,   103.56,   348.07
  476.21,   225.43,    96.76
  476.93,   227.29,   222.02
  478.09,   228.54,   346.34
  478.53,   350.19,    94.47
  479.31,   352.52,   219.88
  479.47,   353.76,   344.83
  598.98,    98.25,    98.00
  600.21,   100.20,   223.00
  601.12,   101.71,   347.30
  600.93,   223.17,    96.28
  601.93,   224.68,   221.16
  603.11,   226.75,   345.00
  603.16,   347.76,    93.99
  604.25,   349.54,   218.92
  605.05,   351.69,   343.61
  724.00,    96.40,    97.18
  724.97,    97.31,   223.26
  725.97,    99.98,   346.92
  726.17,   221.09,    95.51
  726.92,   222.21,   220.70
  728.37,   225.37,   344.01
  728.12,   345.51,    94.11
  728.89,   346.50,   217.84
  731.01,   349.59,   341.98
  475.02,    99.33,   225.90
  475.48,   101.71,   350.30
  475.79,   104.79,   475.31
  476.67,   224.31,   223.05
  477.20,   226.57,   347.46
  477.30,   229.37,   472.10
  479.54,   349.62,   219.86
  478.27,   352.07,   345.05
  477.72,   354.33,   470.25
  599.96,    97.21,   226.07
  600.12,    99.73,   350.49
  600.09,   102.99,   474.91
  601.81,   221.79,   223.26
  602.09,   224.56,   347.29
  602.17,   227.71,   471.65
  604.05,   346.46,   220.21
  604.12,   349.75,   344.86
  603.62,   352.75,   470.16
  725.11,    94.46,   227.25
  724.69,    97.92,   351.33
  724.67,   101.58,   475.36
  727.01,   219.51,   223.89
  726.97,   223.59,   347.38
  727.21,   227.09,   471.76
  728.63,   343.65,   219.82
  729.92,   347.52,   344.26
  730.49,   351.07,   469.25
  475.51,    99.07,   348.83
  477.46,    97.04,   473.80
  479.18,    95.52,   599.55
  478.33,   223.60,   351.09
  480.60,   221.82,   475.74
  482.46,   220.87,   601.57
  481.28,   348.99,   353.53
  482.28,   346.78,   478.76
  484.79,   345.40,   603.89
  599.91,    95.77,   347.28
  602.10,    94.18,   471.86
  603.52,    92.03,   597.23
  603.59,   220.93,   348.97
  605.41,   219.15,   473.67
  607.52,   217.41,   599.11
  606.80,   345.80,   351.30
  608.43,   343.56,   476.63
  610.50,   342.04,   602.14
  724.52,    92.61,   346.14
  726.59,    91.19,   470.55
  728.28,    89.25,   595.64
  728.60,   218.18,   346.97
  730.38,   216.69,   471.57
  732.00,   213.87,   596.98
  732.70,   342.30,   348.78
  735.18,   340.89,   473.61
  736.49,   338.30,   600.30
  474.31,    97.93,   474.80
  476.05,    96.75,   600.11
  477.29,    95.74,   725.77
  477.21,   222.56,   476.15
  479.44,   221.93,   601.89
  480.64,   221.79,   727.66
  478.74,   347.68,   478.60
  481.12,   346.65,   603.64
  483.91,   346.15,   728.58
  598.79,    95.00,   472.54
  600.61,    93.54,   598.18
  602.35,    92.63,   723.29
  602.33,   220.17,   473.64
  604.21,   218.79,   599.24
  605.67,   217.98,   725.64
  604.92,   344.61,   476.41
  606.86,   343.63,   601.92
  608.78,   342.65,   727.59
  723.22,    92.89,   471.16
  725.29,    90.80,   596.17
  727.66,    89.36,   720.44
  727.10,   217.97,   471.67
  728.83,   215.86,   597.12
  730.94,   213.56,   722.90
  731.56,   342.20,   473.41
  732.88,   340.12,   599.65
  733.67,   337.84,   725.97
  477.01,   100.88,   601.25
  477.18,   104.89,   727.03
  477.33,   108.29,   852.53
  479.05,   226.22,   597.99
  479.52,   230.89,   723.88
  479.42,   234.23,   849.69
  479.16,   350.89,   594.81
  481.33,   355.17,   719.87
  482.92,   358.78,   844.32
  601.64,    99.03,   600.03
  602.40,   102.62,   725.24
  603.22,   106.35,   850.62
  603.96,   224.50,   596.59
  604.41,   228.20,   722.63
  604.82,   231.50,   848.46
  605.14,   348.77,   594.32
  606.42,   352.71,   719.91
  607.63,   356.38,   844.03
  726.35,    97.42,   599.04
  727.65,   101.04,   723.41
  729.76,   104.95,   848.81
  728.57,   222.53,   595.44
  729.51,   224.90,   721.24
  730.78,   228.31,   846.38
  731.44,   346.91,   592.99
  731.28,   349.58,   719.39
  731.36,   352.83,   843.59
  474.28,   226.00,    99.77
  477.32,   227.60,   225.10
  480.70,   228.80,   349.37
  471.45,   350.76,    97.68
  474.88,   353.06,   222.70
  477.03,   354.16,   347.94
  468.65,   475.43,    95.28
  472.02,   477.73,   220.92
  473.60,   479.52,   346.27
  599.21,   228.47,    97.31
  601.97,   229.96,   222.20
  605.53,   231.98,   345.90
  596.36,   353.19,    95.00
  599.58,   355.11,   219.63
  602.42,   357.25,   344.65
  593.59,   478.08,    92.87
  596.81,   479.60,   217.24
  599.25,   481.91,   342.77
  724.00,   231.10,    94.17
  727.17,   232.27,   219.22
  730.69,   235.50,   342.63
  721.18,   356.10,    92.91
  724.21,   356.92,   216.45
  728.36,   359.83,   340.71
  718.23,   480.14,    90.73
  721.18,   481.74,   213.88
  725.39,   484.10,   338.79
  473.34,   223.76,   227.08
  476.22,   220.90,   351.47
  479.59,   218.74,   475.85
  474.22,   349.23,   228.72
  476.21,   346.39,   353.80
  478.35,   343.84,   478.88
  474.66,   473.86,   230.75
  476.20,   471.66,   356.24
  477.59,   469.64,   481.55
  598.33,   223.10,   224.49
  601.44,   220.73,   348.31
  604.61,   218.95,   472.50
  598.85,   347.92,   226.12
  601.82,   345.95,   350.90
  604.43,   343.94,   476.03
  599.46,   472.80,   227.66
  601.79,   471.21,   352.67
  604.24,   469.04,   478.53
  723.09,   222.15,   221.75
  726.43,   221.08,   345.17
  729.46,   219.69,   469.66
  723.68,   346.51,   223.07
  727.81,   345.64,   347.14
  731.19,   343.73,   472.09
  724.17,   471.31,   224.30
  727.86,   469.85,   349.07
  731.68,   468.20,   474.62
  474.99,   226.62,   349.89
  476.83,   227.98,   474.69
  479.09,   230.54,   599.96
  477.28,   351.69,   348.71
  478.72,   353.19,   473.85
  480.71,   355.32,   598.75
  480.07,   477.21,   346.92
  480.77,   478.92,   472.09
  483.08,   480.33,   597.03
  599.96,   223.40,   347.77
  601.89,   225.64,   472.06
  603.84,   227.69,   597.81
  602.87,   348.68,   346.49
  604.56,   350.23,   471.45
  606.74,   352.01,   597.16
  605.89,   473.59,   344.65
  607.36,   475.44,   470.12
  609.38,   477.18,   596.03
  724.98,   220.86,   345.61
  726.91,   223.27,   470.38
  728.84,   224.32,   595.91
  728.80,   345.36,   343.81
  731.35,   347.50,   468.96
  732.76,   348.57,   595.43
  731.92,   469.70,   341.92
  734.78,   471.51,   467.32
  736.41,   473.49,   594.44
  473.86,   225.02,   474.94
  477.10,   222.74,   600.25
  479.95,   220.30,   726.21
  474.63,   350.06,   479.11
  478.59,   347.25,   603.96
  482.94,   345.18,   728.81
  476.37,   475.76,   482.50
  480.02,   472.25,   607.11
  484.99,   468.65,   731.22
  598.60,   223.23,   471.07
  602.04,   220.00,   596.27
  605.21,   217.07,   722.43
  600.77,   347.67,   475.42
  604.23,   344.79,   600.76
  607.55,   341.99,   726.25
  602.62,   473.18,   479.02
  606.36,   469.40,   604.63
  610.01,   466.08,   729.08
  723.34,   221.47,   467.03
  726.92,   217.83,   592.93
  730.34,   213.66,   718.16
  727.14,   345.64,   470.89
  730.30,   342.02,   597.29
  732.63,   338.15,   723.40
  730.15,   470.16,   474.32
  733.43,   466.94,   601.25
  734.89,   463.15,   727.45
  475.37,   223.70,   600.36
  477.86,   221.96,   726.68
  479.47,   218.69,   852.24
  477.70,   348.26,   603.61
  481.94,   346.52,   728.59
  485.15,   343.79,   853.39
  480.57,   473.43,   606.92
  485.16,   469.75,   730.84
  489.68,   467.20,   854.28
  600.14,   220.19,   596.88
  602.86,   217.55,   722.95
  605.30,   214.27,   848.72
  603.61,   344.78,   601.02
  606.92,   342.03,   726.41
  609.68,   339.04,   850.78
  606.70,   469.67,   604.56
  610.43,   466.18,   729.26
  613.58,   463.33,   852.45
  724.80,   216.31,   593.54
  727.88,   212.65,   719.25
  731.28,   209.80,   844.33
  729.48,   340.77,   597.65
  731.45,   336.90,   723.71
  733.56,   333.88,   847.73
  733.91,   465.52,   601.49
  735.13,   462.03,   727.34
  736.59,   459.48,   850.74
  475.38,   352.23,    98.42
  478.73,   350.91,   223.75
  480.88,   348.66,   348.96
  471.79,   476.89,    99.82
  475.10,   475.61,   225.24
  476.98,   473.96,   350.68
  467.15,   600.67,   101.46
  470.71,   599.40,   226.56
  473.42,   598.72,   352.03
  600.08,   355.43,    95.94
  603.31,   353.53,   220.37
  606.52,   352.36,   345.49
  596.36,   480.25,    97.20
  599.97,   478.27,   221.78
  602.61,   476.96,   347.12
  592.08,   604.71,    98.78
  595.85,   602.87,   222.97
  598.97,   601.99,   348.35
  724.67,   358.85,    93.32
  727.94,   356.27,   216.92
  732.56,   355.64,   341.43
  721.15,   483.12,    94.80
  724.40,   481.16,   218.46
  728.76,   479.73,   343.11
  717.51,   608.09,    96.69
  720.56,   606.74,   219.74
  724.25,   605.09,   344.33
  475.30,   352.52,   226.60
  476.23,   349.42,   351.92
  477.29,   346.80,   476.80
  475.55,   477.38,   228.77
  475.95,   474.65,   354.52
  476.35,   472.19,   479.72
  474.52,   601.49,   231.19
  475.99,   599.75,   356.39
  476.90,   598.01,   481.58
  600.37,   352.11,   224.90
  601.87,   349.56,   349.82
  603.64,   346.90,   474.85
  600.53,   476.89,   226.90
  601.63,   474.73,   352.27
  602.98,   472.21,   478.06
  599.43,   601.68,   228.92
  601.20,   599.82,   354.43
  602.49,   597.87,   479.95
  724.98,   351.30,   222.83
  727.92,   349.95,   347.12
  730.14,   347.41,   472.33
  724.72,   476.25,   225.19
  727.68,   473.93,   349.79
  730.34,   471.96,   475.29
  724.38,   601.87,   227.34
  726.84,   599.52,   352.00
  729.45,   597.48,   478.03
  473.36,   348.53,   351.07
  471.26,   345.72,   476.18
  469.99,   343.36,   600.91
  473.00,   474.00,   353.53
  470.01,   471.26,   479.06
  468.50,   468.50,   603.52
  472.91,   599.00,   355.74
  470.43,   596.78,   480.86
  468.67,   594.01,   605.69
  598.85,   348.76,   352.12
  597.01,   346.02,   477.54
  595.91,   343.85,   603.19
  598.50,   473.91,   354.84
  596.53,   471.24,   480.60
  595.05,   468.77,   605.91
  598.17,   598.66,   356.65
  596.39,   597.09,   482.51
  594.46,   594.21,   608.04
  724.94,   348.90,   352.96
  723.72,   346.50,   478.46
  721.75,   343.50,   604.60
  724.72,   473.19,   355.36
  723.90,   470.99,   481.32
  722.19,   468.59,   608.27
  724.04,   598.40,   357.86
  722.97,   596.67,   484.16
  721.26,   594.07,   610.77
  474.55,   350.35,   477.59
  473.25,   352.88,   602.64
  472.89,   355.79,   727.41
  473.61,   476.05,   475.59
  472.35,   477.88,   600.39
  472.54,   479.36,   724.15
  474.31,   601.51,   472.80
  472.53,   603.31,   597.66
  471.75,   603.98,   722.44
  600.64,   350.50,   478.95
  599.31,   352.95,   604.33
  597.91,   355.41,   729.58
  600.16,   475.91,   477.09
  598.67,   477.55,   602.67
  597.63,   479.44,   727.14
  600.10,   601.21,   474.39
  598.24,   603.39,   599.91
  596.81,   604.20,   724.99
  727.23,   350.78,   479.46
  725.57,   352.39,   605.74
  722.58,   354.00,   731.85
  727.79,   475.39,   477.66
  725.77,   477.56,   604.64
  722.77,   479.42,   730.37
  726.75,   600.72,   475.69
  724.95,   603.36,   602.13
  722.80,   604.87,   727.08
  475.21,   349.72,   600.14
  473.08,   351.46,   725.07
  470.70,   352.56,   849.51
  474.48,   475.06,   599.56
  472.95,   474.97,   723.38
  471.21,   475.68,   847.27
  474.65,   600.54,   598.34
  472.32,   599.53,   723.20
  470.85,   599.24,   847.04
  601.22,   349.48,   603.41
  597.97,   350.74,   729.21
  595.03,   351.62,   853.09
  600.52,   474.60,   603.60
  598.20,   474.96,   727.82
  595.76,   475.44,   851.08
  600.52,   600.39,   602.16
  597.40,   599.71,   727.29
  595.22,   599.80,   850.57
  726.95,   349.18,   606.53
  722.74,   349.20,   732.91
  719.20,   349.96,   856.47
  727.94,   474.10,   606.98
  722.92,   474.50,   732.55
  718.97,   475.34,   855.39
  727.15,   599.94,   606.37
  723.27,   600.16,   731.22
  719.64,   600.87,   854.50
  474.49,   475.02,    97.36
  476.55,   476.49,   222.95
  476.62,   477.45,   348.56
  475.07,   599.08,    96.50
  477.29,   600.45,   221.66
  478.06,   602.67,   346.97
  474.95,   723.90,    95.66
  477.23,   724.69,   220.29
  480.17,   727.53,   344.93
  599.68,   473.57,    96.83
  601.35,   474.62,   221.35
  602.51,   476.06,   346.73
  600.12,   598.13,    95.40
  602.04,   599.11,   219.80
  603.51,   600.82,   345.02
  600.93,   723.28,    94.11
  602.98,   724.73,   218.00
  605.04,   726.60,   343.10
  724.42,   471.61,    96.11
  725.72,   472.15,   219.54
  728.39,   473.85,   344.23
  725.85,   596.45,    94.86
  726.86,   597.69,   218.40
  728.84,   598.89,   342.87
  727.73,   722.42,    93.32
  728.84,   724.13,   216.75
  729.70,   725.04,   342.13
  474.30,   476.41,   226.29
  469.31,   472.86,   351.80
  464.36,   469.26,   477.15
  472.78,   600.25,   229.70
  468.63,   597.89,   355.04
  464.23,   594.82,   480.00
  470.81,   724.87,   232.60
  468.60,   723.11,   357.30
  465.15,   720.57,   482.56
  599.14,   476.30,   229.58
  594.70,   473.55,   354.94
  590.63,   470.09,   480.53
  597.65,   600.93,   232.54
  593.85,   598.30,   358.03
  590.14,   595.78,   483.40
  596.46,   726.39,   235.20
  593.48,   723.96,   360.72
  589.58,   720.78,   486.03
  723.60,   476.05,   233.01
  721.08,   473.52,   357.66
  718.45,   470.36,   483.27
  722.22,   601.62,   236.03
  719.32,   598.41,   360.59
  716.77,   595.88,   487.07
  721.75,   728.21,   239.02
  717.98,   724.42,   364.91
  713.94,   721.46,   490.43
  475.09,   477.07,   351.98
  473.47,   475.31,   477.20
  472.90,   473.34,   601.90
  473.52,   602.10,   353.11
  472.25,   600.83,   478.23
  471.40,   598.75,   603.29
  472.87,   727.32,   354.10
  472.39,   726.65,   479.09
  471.14,   724.62,   604.08
  600.85,   478.58,   352.13
  599.57,   476.99,   477.77
  599.32,   474.83,   603.30
  599.07,   603.63,   353.21
  598.16,   602.78,   478.92
  597.18,   600.82,   604.66
  597.57,   729.23,   354.33
  596.85,   727.84,   479.95
  595.75,   726.47,   605.11
  727.12,   479.35,   351.70
  727.32,   477.93,   477.42
  726.56,   476.23,   604.42
  724.58,   604.76,   353.42
  724.86,   603.70,   479.47
  724.08,   602.17,   605.89
  721.91,   730.75,   355.67
  721.29,   729.09,   481.29
  720.41,   728.01,   606.51
  474.50,   474.52,   473.86
  477.85,   470.96,   598.46
  482.50,   466.71,   722.71
  474.76,   600.36,   476.82
  477.82,   596.19,   601.75
  481.67,   590.93,   726.25
  476.51,   725.76,   479.72
  478.66,   721.70,   604.49
  480.66,   716.94,   730.21
  600.84,   474.75,   470.65
  604.29,   470.98,   596.27
  607.81,   467.08,   720.87
  600.58,   600.32,   473.90
  603.55,   596.53,   599.40
  606.94,   591.73,   724.27
  600.84,   725.89,   476.88
  603.39,   722.17,   601.85
  605.69,   718.06,   727.01
  728.37,   474.75,   466.55
  731.47,   471.16,   593.31
  733.02,   466.72,   719.50
  727.38,   600.15,   470.39
  730.40,   596.68,   597.02
  732.51,   592.45,   722.28
  725.17,   725.46,   474.54
  728.50,   722.61,   599.35
  732.11,   718.96,   723.97
  473.59,   473.53,   599.44
  472.56,   469.63,   723.55
  471.67,   466.47,   847.22
  473.70,   599.26,   602.28
  471.64,   594.08,   727.12
  470.88,   589.69,   851.05
  474.68,   724.60,   604.86
  471.02,   720.13,   730.65
  469.28,   714.48,   856.43
  599.80,   473.42,   602.69
  597.71,   469.92,   727.18
  596.16,   466.70,   850.47
  599.42,   599.04,   605.72
  596.95,   594.32,   730.36
  595.39,   590.55,   853.83
  599.08,   724.94,   607.87
  595.82,   720.76,   732.88
  594.43,   715.42,   858.51
  727.06,   473.39,   605.70
  722.79,   469.37,   731.43
  719.18,   466.47,   854.26
  726.14,   599.26,   608.91
  722.75,   595.22,   733.99
  719.68,   591.75,   857.13
  724.02,   724.92,   611.05
  722.02,   721.39,   735.16
  720.11,   717.12,   860.17
  473.64,   599.67,    97.87
  476.57,   596.09,   222.84
  478.40,   593.60,   348.37
  470.07,   724.40,   101.97
  473.44,   720.70,   226.10
  476.80,   718.74,   351.09
  467.89,   849.69,   105.45
  470.61,   845.96,   229.85
  474.85,   843.14,   354.64
  598.56,   602.26,    95.95
  601.44,   598.55,   220.39
  603.57,   595.66,   345.47
  595.84,   727.25,    99.36
  598.58,   723.96,   223.02
  601.95,   721.19,   348.46
  594.11,   852.89,   102.03
  597.01,   849.27,   227.07
  599.52,   846.00,   352.64
  724.17,   604.54,    94.96
  726.28,   601.03,   217.96
  729.14,   597.31,   342.46
  722.63,   730.32,    97.64
  724.49,   727.10,   221.30
  726.02,   723.03,   346.78
  721.68,   856.46,    98.93
  723.46,   852.38,   225.33
  723.58,   848.13,   352.04
  473.24,   600.65,   225.77
  473.08,   602.78,   351.48
  472.96,   604.42,   476.38
  469.63,   725.16,   224.36
  471.30,   727.95,   349.18
  471.76,   729.72,   474.57
  466.36,   850.50,   223.40
  468.63,   852.47,   348.11
  469.60,   854.52,   472.91
  598.39,   603.63,   224.98
  598.74,   605.44,   350.51
  598.44,   607.10,   476.19
  595.16,   729.04,   223.09
  596.27,   730.72,   348.55
  596.40,   732.56,   474.29
  592.67,   854.37,   222.45
  593.56,   855.68,   347.91
  594.10,   857.42,   472.51
  723.09,   606.11,   224.77
  724.13,   607.45,   349.37
  725.11,   609.18,   475.84
  721.10,   732.82,   223.06
  720.71,   733.58,   349.17
  720.62,   734.93,   474.80
  719.18,   858.12,   222.81
  717.64,   858.53,   349.37
  717.38,   859.25,   473.27
  476.29,   599.04,   351.53
  478.05,   596.82,   476.59
  480.47,   593.29,   601.38
  476.42,   724.40,   353.49
  479.13,   722.27,   478.53
  480.98,   719.12,   603.50
  475.74,   849.08,   356.30
  479.41,   846.77,   481.03
  481.17,   844.19,   605.86
  601.67,   599.54,   348.08
  604.05,   597.42,   473.97
  606.45,   594.17,   599.44
  601.37,   725.18,   350.86
  603.61,   722.58,   476.47
  605.48,   719.78,   601.44
  600.52,   850.06,   354.04
  603.24,   847.80,   478.67
  605.48,   845.31,   602.91
  726.94,   599.97,   344.89
  730.50,   597.56,   471.11
  733.43,   594.92,   597.51
  725.75,   725.81,   348.46
  728.12,   723.05,   474.61
  730.90,   720.61,   599.71
  724.76,   851.07,   353.14
  726.46,   847.75,   477.01
  728.95,   845.66,   601.12
  472.23,   602.46,   477.11
  475.38,   601.59,   602.08
  479.43,   599.37,   726.78
  476.30,   727.78,   476.79
  479.40,   727.17,   601.73
  481.59,   725.47,   727.38
  479.79,   852.41,   476.56
  482.69,   852.15,   601.56
  484.70,   851.69,   726.77
  598.02,   599.59,   473.72
  601.22,   598.91,   599.48
  604.65,   597.03,   724.23
  601.21,   724.87,   473.54
  603.61,   724.90,   598.34
  606.45,   723.65,   723.56
  603.94,   850.04,   473.28
  606.70,   849.68,   597.62
  609.55,   849.64,   722.56
  724.38,   596.53,   469.79
  728.10,   595.93,   596.63
  730.44,   594.96,   721.79
  725.34,   722.11,   470.81
  728.76,   721.92,   595.89
  732.89,   721.64,   720.36
  727.18,   846.68,   470.84
  730.52,   846.96,   594.96
  734.68,   847.42,   719.13
  472.16,   601.23,   599.90
  474.70,   599.11,   725.00
  478.02,   597.59,   849.05
  475.36,   726.89,   599.75
  476.08,   725.22,   725.65
  478.54,   722.48,   851.63
  478.13,   852.11,   599.67
  478.19,   851.10,   724.97
  479.07,   848.81,   851.76
  598.07,   599.52,   599.29
  600.03,   597.49,   723.90
  602.92,   596.43,   847.53
  599.97,   725.40,   598.26
  601.00,   724.17,   723.54
  603.27,   721.42,   849.33
  602.37,   850.34,   597.75
  602.85,   850.18,   722.38
  604.58,   847.79,   849.20
  725.12,   597.34,   598.32
  725.65,   596.29,   723.29
  726.76,   595.82,   846.43
  725.13,   723.19,   597.65
  727.40,   722.69,   721.94
  729.85,   721.25,   846.47
  725.74,   848.30,   596.23
  728.54,   848.48,   720.77
  731.11,   847.27,   846.59
  600.43,   100.25,   100.44
  599.57,   100.09,   225.21
  598.76,   100.09,   349.86
  599.89,   225.34,   100.57
  598.88,   224.91,   225.49
  598.47,   225.17,   349.48
  599.51,   350.09,   100.24
  598.81,   349.93,   224.72
  597.83,   350.33,   349.53
  725.17,   100.75,   101.37
  724.67,   100.34,   227.22
  723.37,   100.74,   351.05
  724.63,   225.33,   101.74
  724.08,   224.97,   226.40
  723.45,   226.15,   349.89
  724.32,   349.82,   101.40
  723.54,   349.41,   225.34
  723.82,   350.73,   349.69
  851.29,   100.88,   102.12
  850.34,   101.27,   228.36
  848.25,   102.13,   352.19
  850.17,   224.94,   101.80
  849.18,   225.24,   227.43
  848.09,   227.11,   351.18
  848.47,   349.84,   101.96
  847.84,   349.45,   225.31
  848.87,   351.30,   349.87
  601.73,   100.57,   223.68
  600.27,   103.78,   348.00
  599.00,   107.05,   472.23
  598.28,   225.60,   220.51
  597.18,   228.72,   344.46
  595.99,   231.90,   469.21
  595.53,   350.55,   217.09
  593.76,   353.77,   341.78
  591.96,   356.84,   467.09
  726.83,   103.67,   226.18
  724.86,   107.44,   350.03
  723.27,   110.93,   474.16
  723.52,   228.40,   222.06
  722.20,   232.72,   345.52
  721.05,   236.12,   470.21
  720.25,   352.52,   217.98
  719.65,   356.60,   342.32
  718.76,   360.00,   467.37
  852.29,   107.49,   227.60
  849.97,   111.43,   351.48
  847.79,   114.77,   475.72
  848.54,   231.34,   223.56
  846.94,   236.11,   347.40
  845.52,   240.09,   471.46
  844.51,   355.45,   218.93
  844.81,   360.26,   343.20
  844.65,   364.01,   467.99
  600.85,    98.92,   349.75
  600.78,    98.69,   474.02
  600.62,    98.03,   599.40
  602.86,   224.23,   349.79
  603.16,   223.63,   474.67
  603.34,   223.30,   600.34
  605.11,   349.21,   350.91
  605.17,   348.51,   476.38
  605.11,   347.81,   602.17
  725.29,    97.13,   350.28
  725.20,    97.05,   474.81
  725.61,    96.07,   599.63
  727.99,   222.64,   349.63
  728.38,   222.40,   474.23
  727.97,   220.96,   600.17
  731.43,   346.88,   350.33
  731.73,   346.45,   475.53
  731.07,   345.17,   602.08
  850.30,    95.57,   350.50
  850.08,    94.92,   474.63
  850.24,    93.77,   599.04
  852.56,   220.76,   350.37
  852.08,   220.79,   474.68
  852.28,   219.04,   600.29
  855.83,   345.02,   349.77
  856.81,   344.93,   474.90
  856.30,   342.97,   601.23
  600.26,    99.70,   475.16
  600.93,    97.57,   600.55
  601.36,    96.04,   726.12
  601.64,   224.64,   477.06
  602.17,   223.20,   602.80
  602.36,   221.43,   729.12
  601.66,   349.55,   480.27
  602.60,   347.69,   605.85
  603.04,   345.96,   731.43
  725.03,    99.53,   475.08
  725.46,    96.96,   600.16
  726.52,    95.09,   724.27
  726.58,   224.69,   476.37
  726.75,   222.16,   602.14
  727.45,   218.95,   727.83
  728.36,   348.73,   479.01
  728.38,   346.22,   605.09
  727.95,   343.57,   731.27
  849.38,    98.98,   474.74
  850.30,    96.39,   599.02
  851.89,    94.59,   724.26
  850.41,   224.50,   476.10
  851.12,   221.39,   601.54
  852.38,   217.62,   726.97
  853.72,   348.60,   477.61
  853.72,   345.80,   604.13
  852.11,   341.76,   729.91
  598.39,   100.92,   599.09
  598.81,   101.93,   724.50
  599.01,   103.11,   849.95
  600.26,   226.29,   598.40
  600.82,   227.27,   724.80
  600.60,   228.22,   850.21
  601.50,   350.72,   598.55
  602.36,   352.12,   724.25
  602.95,   352.72,   848.38
  723.07,    99.40,   598.37
  724.17,   100.31,   722.76
  725.57,   101.93,   848.51
  725.26,   224.21,   597.69
  725.77,   224.28,   723.47
  726.77,   225.13,   848.62
  727.65,   348.74,   597.77
  727.41,   348.87,   724.29
  726.84,   349.65,   848.22
  847.88,    97.77,   597.31
  849.13,    98.57,   722.84
  851.76,    99.13,   848.68
  849.26,   222.70,   597.24
  850.75,   221.84,   722.51
  852.54,   222.71,   847.97
  853.08,   347.08,   596.57
  851.54,   346.13,   722.67
  851.08,   347.30,   847.36
  597.85,   226.96,    99.46
  600.72,   226.36,   224.00
  603.96,   225.58,   347.88
  597.00,   351.80,    99.32
  599.68,   351.18,   224.26
  602.50,   350.70,   349.12
  595.49,   476.42,    99.48
  598.56,   475.96,   224.29
  601.18,   475.74,   349.63
  723.10,   228.05,    96.66
  725.63,   227.01,   221.46
  729.27,   227.62,   344.77
  721.42,   352.80,    97.47
  724.56,   351.36,   220.80
  728.55,   352.15,   345.34
  720.08,   477.16,    97.56
  722.85,   476.42,   220.98
  726.99,   476.42,   345.58
  848.04,   228.47,    92.73
  850.94,   228.22,   218.54
  853.92,   229.48,   342.42
  845.85,   353.49,    93.81
  848.52,   352.76,   217.52
  853.54,   353.50,   341.83
  843.97,   478.75,    94.54
  846.75,   478.06,   217.61
  851.97,   478.19,   342.07
  600.05,   224.03,   226.56
  600.60,   224.51,   350.49
  600.73,   225.07,   475.07
  602.66,   349.10,   225.73
  602.62,   349.42,   350.70
  602.75,   349.75,   475.78
  604.95,   473.56,   224.74
  604.41,   474.52,   350.12
  604.44,   475.07,   475.63
  725.05,   221.33,   226.60
  725.63,   222.92,   350.08
  725.65,   223.92,   474.85
  727.05,   345.53,   225.45
  728.58,   347.13,   349.49
  729.26,   348.17,   474.62
  729.34,   470.72,   224.32
  730.84,   471.56,   349.13
  732.00,   472.22,   474.53
  850.10,   218.97,   226.89
  850.13,   221.12,   350.44
  850.09,   222.40,   474.78
  851.45,   343.26,   224.57
  853.24,   345.21,   348.86
  854.78,   346.56,   473.98
  853.31,   468.53,   223.84
  855.79,   469.80,   348.14
  857.72,   470.81,   474.00
  598.44,   225.16,   349.34
  602.07,   222.72,   473.76
  605.06,   220.37,   599.40
  599.10,   350.38,   352.12
  601.97,   347.68,   477.56
  605.36,   345.12,   602.99
  599.43,   475.29,   354.99
  602.16,   472.76,   480.51
  605.50,   469.93,   605.93
  723.60,   225.32,   346.11
  726.78,   223.24,   470.46
  730.03,   220.05,   596.18
  724.90,   349.57,   348.18
  728.52,   347.46,   473.52
  731.28,   344.17,   599.96
  725.56,   474.02,   350.98
  729.61,   471.59,   476.51
  732.65,   469.15,   603.19
  848.44,   225.14,   343.35
  851.00,   223.25,   467.26
  853.90,   219.88,   592.89
  849.77,   349.23,   344.65
  854.11,   347.60,   469.64
  856.49,   344.14,   596.17
  850.55,   473.75,   347.03
  855.56,   471.88,   472.73
  857.73,   468.70,   599.15
  600.81,   225.46,   474.55
  599.60,   226.64,   600.28
  597.58,   228.14,   726.65
  600.02,   350.38,   474.90
  598.96,   351.16,   600.50
  597.64,   352.62,   725.83
  599.47,   475.52,   474.38
  598.30,   476.38,   600.20
  597.49,   476.90,   724.54
  725.71,   226.62,   475.62
  724.22,   226.45,   601.55
  722.54,   226.73,   727.41
  727.06,   350.65,   475.46
  725.13,   350.83,   601.93
  722.32,   351.27,   728.18
  727.11,   475.17,   474.97
  725.35,   475.88,   601.86
  722.60,   476.60,   727.88
  849.97,   227.21,   477.26
  848.40,   226.63,   603.29
  847.78,   225.93,   728.35
  852.25,   351.10,   476.08
  850.32,   351.11,   602.66
  846.63,   350.32,   728.62
  853.14,   475.71,   475.80
  851.13,   475.89,   602.59
  846.45,   475.68,   728.15
  601.53,   223.71,   598.48
  604.51,   221.82,   724.39
  607.01,   219.56,   849.85
  598.43,   348.25,   601.62
  602.10,   346.44,   727.20
  605.52,   344.26,   851.59
  595.64,   473.35,   604.74
  599.35,   470.82,   729.02
  603.36,   468.63,   852.14
  726.03,   226.07,   594.68
  729.41,   222.72,   720.36
  733.18,   220.62,   845.43
  724.42,   350.43,   598.34
  726.71,   347.57,   724.57
  729.23,   345.12,   848.57
  722.73,   475.33,   601.53
  724.38,   472.74,   727.59
  726.26,   470.69,   850.64
  850.30,   228.70,   591.47
  854.49,   224.72,   716.98
  858.99,   222.28,   842.46
  849.97,   352.84,   594.21
  851.04,   349.09,   720.38
  853.16,   347.27,   844.89
  848.04,   477.81,   597.59
  848.39,   474.44,   723.21
  849.58,   473.00,   847.70
  599.19,   348.62,    99.44
  601.76,   349.57,   224.08
  604.18,   351.08,   348.50
  600.30,   473.65,    97.84
  602.96,   474.48,   222.43
  604.99,   475.78,   347.58
  600.59,   597.94,    96.55
  603.56,   599.27,   220.64
  606.15,   601.13,   345.87
  723.91,   347.46,    97.48
  726.58,   347.42,   220.88
  730.45,   349.72,   345.25
  724.85,   471.65,    96.13
  727.62,   472.31,   219.23
  731.43,   474.07,   344.09
  726.10,   596.54,    94.77
  728.30,   598.03,   217.90
  731.37,   599.17,   342.48
  848.11,   345.43,    94.19
  850.58,   346.10,   217.80
  855.14,   348.71,   342.16
  848.80,   470.73,    93.29
  851.29,   471.41,   216.27
  856.09,   473.34,   340.81
  850.75,   596.15,    92.33
  852.83,   597.66,   215.96
  856.40,   598.09,   340.08
  599.14,   350.49,   226.08
  596.24,   351.36,   350.70
  593.13,   351.72,   476.18
  599.06,   475.11,   224.56
  595.61,   476.16,   350.16
  592.26,   477.29,   475.56
  598.15,   599.96,   223.50
  594.99,   601.32,   348.89
  591.92,   602.85,   474.51
  723.65,   349.82,   228.44
  722.32,   351.40,   352.84
  719.81,   352.22,   477.84
  723.32,   474.67,   227.36
  721.83,   475.94,   352.01
  719.76,   476.82,   477.77
  722.76,   600.29,   226.33
  720.48,   601.26,   350.86
  718.65,   602.68,   477.23
  848.12,   349.89,   230.89
  847.05,   352.13,   355.03
  845.38,   353.26,   480.35
  847.31,   475.02,   229.60
  847.22,   476.60,   354.03
  846.00,   477.75,   479.83
  847.20,   601.37,   229.23
  845.77,   601.42,   353.88
  843.88,   602.19,   479.80
  601.61,   349.69,   348.25
  601.55,   351.46,   473.57
  602.28,   353.25,   599.27
  598.35,   474.87,   346.61
  597.94,   476.68,   472.11
  598.32,   478.10,   597.66
  594.92,   599.51,   344.30
  594.83,   602.35,   469.78
  595.02,   603.68,   595.70
  727.72,   352.83,   347.14
  728.56,   354.75,   472.37
  728.32,   355.90,   598.96
  724.52,   477.01,   345.23
  725.49,   479.02,   470.80
  725.63,   480.92,   597.78
  720.34,   602.36,   343.49
  721.59,   604.63,   469.53
  721.69,   606.62,   596.06
  852.69,   355.85,   346.52
  853.92,   358.26,   471.37
  853.54,   359.07,   598.02
  849.72,   480.26,   344.52
  851.61,   482.60,   470.01
  851.10,   483.97,   596.88
  845.50,   605.47,   343.28
  846.73,   607.29,   469.03
  847.02,   609.61,   595.45
  598.46,   348.56,   476.67
  600.34,   346.28,   601.81
  601.58,   344.00,   727.50
  596.10,   473.91,   479.73
  597.27,   470.94,   605.06
  599.42,   468.20,   729.70
  593.98,   599.74,   482.07
  594.96,   596.81,   607.58
  596.24,   592.72,   732.27
  725.26,   350.88,   474.19
  726.21,   347.87,   600.73
  726.20,   344.60,   726.82
  723.41,   475.46,   477.36
  724.65,   472.83,   604.59
  724.32,   469.79,   730.33
  720.68,   600.96,   480.72
  721.77,   598.57,   607.32
  721.92,   595.13,   731.96
  850.95,   353.63,   472.29
  851.27,   350.29,   598.90
  850.40,   345.61,   724.75
  849.56,   477.99,   475.90
  850.18,   474.83,   602.19
  848.31,   471.14,   727.91
  845.77,   602.67,   478.98
  846.94,   600.44,   605.26
  846.89,   597.69,   730.47
  600.02,   349.70,   599.69
  603.44,   347.36,   725.26
  606.79,   344.59,   849.32
  600.88,   474.76,   602.69
  604.58,   471.56,   727.34
  608.41,   468.87,   850.79
  602.13,   600.14,   605.13
  604.98,   596.29,   730.06
  609.36,   592.89,   853.48
  726.17,   348.03,   596.25
  728.43,   344.77,   722.42
  730.41,   341.96,   846.38
  728.12,   472.92,   599.74
  729.71,   469.69,   726.05
  731.07,   467.12,   849.10
  728.98,   598.66,   602.57
  731.11,   595.34,   727.77
  733.50,   592.82,   850.88
  851.30,   347.03,   592.39
  852.47,   342.29,   718.47
  854.39,   339.94,   842.76
  853.60,   471.81,   595.99
  853.70,   467.66,   721.56
  854.32,   466.12,   845.97
  854.01,   597.16,   598.96
  855.90,   594.64,   724.35
  857.78,   592.86,   848.92
  599.49,   475.62,    99.65
  598.81,   474.60,   224.12
  597.37,   474.15,   349.64
  600.43,   600.24,   100.59
  600.12,   599.49,   224.64
  599.18,   599.27,   349.78
  601.31,   725.27,   101.00
  601.22,   724.81,   224.64
  601.16,   724.82,   350.37
  724.05,   473.23,   101.05
  723.32,   471.83,   224.93
  723.69,   471.38,   349.49
  725.68,   598.17,   102.05
  725.02,   597.70,   225.47
  724.73,   596.95,   350.24
  728.27,   724.06,   102.35
  727.20,   723.78,   225.87
  725.64,   722.79,   351.60
  847.86,   471.32,   101.87
  847.15,   470.48,   225.15
  849.05,   470.25,   349.70
  850.28,   597.06,   102.81
  849.13,   596.30,   226.32
  849.79,   594.86,   350.78
  854.09,   722.74,   104.19
  852.23,   722.27,   228.09
  849.51,   720.18,   352.64
  600.37,   475.92,   225.28
  602.79,   473.15,   350.58
  604.87,   470.18,   475.93
  603.34,   600.21,   227.85
  606.24,   597.93,   353.06
  608.51,   595.50,   478.79
  606.75,   725.97,   229.71
  610.05,   723.51,   355.14
  612.74,   720.94,   480.88
  724.71,   471.11,   222.25
  728.85,   468.82,   346.79
  732.43,   465.93,   472.22
  727.99,   596.59,   224.96
  731.40,   593.87,   349.43
  735.54,   591.46,   475.53
  732.50,   722.98,   227.45
  734.22,   719.95,   352.98
  736.95,   717.08,   479.01
  848.28,   467.89,   218.83
  853.90,   465.63,   343.24
  858.55,   463.01,   468.62
  852.44,   594.05,   222.12
  856.30,   590.20,   346.57
  860.61,   587.59,   472.53
  857.43,   719.98,   225.62
  858.32,   715.63,   350.31
  860.65,   711.96,   475.26
  599.88,   475.75,   349.35
  601.09,   477.24,   474.77
  602.80,   478.05,   600.67
  598.59,   600.71,   347.38
  599.65,   602.91,   473.17
  601.10,   603.76,   598.82
  597.67,   726.20,   345.57
  599.13,   728.01,   471.24
  599.74,   729.61,   596.15
  726.05,   476.32,   346.68
  728.63,   477.90,   472.23
  729.84,   478.95,   599.47
  724.01,   601.45,   345.22
  726.37,   603.52,   471.50
  727.95,   604.74,   598.24
  722.09,   727.34,   344.66
  723.23,   728.75,   470.58
  724.81,   730.84,   595.45
  851.23,   477.90,   344.65
  854.64,   479.39,   470.30
  855.42,   480.30,   597.01
  849.13,   602.68,   343.90
  851.63,   604.09,   469.87
  852.92,   605.74,   595.95
  846.22,   728.19,   343.27
  846.75,   729.13,   468.80
  849.34,   731.05,   594.39
  599.48,   475.06,   475.98
  596.02,   471.55,   601.47
  592.99,   467.82,   726.05
  601.50,   600.75,   478.91
  598.00,   597.38,   604.61
  594.28,   592.57,   729.18
  604.20,   726.13,   481.75
  599.89,   722.97,   606.92
  595.94,   718.93,   731.85
  726.90,   472.22,   478.62
  723.23,   469.12,   605.59
  717.83,   465.17,   731.12
  728.41,   597.93,   482.50
  724.81,   594.52,   608.92
  719.85,   590.54,   733.88
  728.37,   723.22,   486.02
  725.24,   720.63,   610.81
  722.19,   717.19,   735.23
  853.14,   470.37,   481.49
  848.62,   466.61,   608.18
  841.94,   462.26,   733.99
  853.59,   595.07,   485.42
  850.02,   592.18,   611.92
  844.69,   588.61,   736.93
  852.06,   719.69,   489.29
  850.44,   717.72,   614.87
  848.65,   715.67,   740.24
  598.00,   475.88,   603.18
  595.03,   474.76,   727.88
  592.30,   474.19,   850.89
  594.01,   601.82,   603.73
  590.84,   599.61,   728.41
  588.74,   598.04,   852.10
  590.72,   727.65,   603.04
  586.53,   725.92,   728.44
  583.85,   722.76,   854.03
  725.07,   479.07,   607.03
  719.86,   477.61,   732.79
  715.50,   477.04,   855.73
  720.79,   604.82,   608.01
  716.50,   603.25,   732.80
  712.79,   602.42,   856.15
  715.63,   730.58,   607.30
  712.55,   729.97,   731.38
  710.02,   727.77,   856.68
  850.11,   482.44,   609.82
  843.61,   480.51,   735.48
  838.28,   480.93,   859.92
  845.88,   607.95,   610.90
  841.33,   607.24,   736.05
  836.98,   607.36,   860.59
  840.71,   733.65,   610.96
  839.56,   734.34,   736.24
  836.94,   733.58,   860.36
  599.25,   599.79,    99.84
  602.28,   601.20,   224.01
  604.91,   603.46,   348.95
  601.42,   725.26,    98.14
  604.80,   726.63,   221.66
  608.03,   729.14,   346.99
  605.09,   850.63,    95.79
  608.46,   852.45,   220.34
  610.78,   853.75,   346.26
  724.72,   596.89,    97.91
  727.10,   598.51,   221.32
  730.15,   599.68,   346.00
  728.22,   722.79,    95.98
  730.73,   724.58,   219.47
  732.50,   725.66,   345.10
  732.21,   849.02,    92.25
  734.60,   850.18,   218.62
  735.06,   850.82,   345.17
  849.14,   594.40,    95.43
  851.30,   596.19,   218.96
  855.07,   596.75,   343.57
  853.69,   719.83,    94.64
  855.81,   722.09,   218.45
  856.29,   722.43,   342.88
  858.18,   846.18,    90.68
  859.36,   848.00,   217.21
  858.79,   847.72,   342.35
  600.52,   598.05,   224.04
  599.31,   598.80,   349.37
  598.55,   599.53,   475.11
  598.12,   723.32,   223.16
  597.96,   724.18,   348.45
  597.22,   724.68,   474.46
  596.81,   848.62,   223.02
  596.23,   849.05,   348.86
  595.51,   849.67,   473.43
  725.28,   599.80,   224.92
  725.02,   599.86,   349.40
  725.06,   600.79,   475.90
  723.73,   725.86,   224.10
  722.50,   725.73,   350.10
  721.33,   726.31,   475.69
  723.30,   851.51,   224.45
  720.66,   850.78,   350.98
  718.89,   850.97,   475.37
  849.56,   602.06,   225.87
  849.83,   601.71,   350.29
  850.17,   602.03,   476.31
  849.42,   727.95,   226.25
  846.49,   727.26,   351.09
  844.85,   726.90,   476.22
  847.90,   854.02,   226.68
  844.05,   852.50,   352.37
  841.67,   851.65,   476.45
  601.14,   599.04,   349.09
  602.21,   601.31,   474.63
  603.55,   602.50,   600.32
  599.41,   724.93,   347.09
  600.94,   726.65,   472.81
  601.43,   728.22,   597.74
  597.53,   849.47,   345.95
  599.03,   851.47,   470.70
  600.06,   853.70,   595.12
  726.71,   600.46,   346.80
  729.02,   602.57,   473.05
  730.10,   604.34,   599.81
  723.79,   726.60,   345.94
  725.09,   728.01,   471.87
  726.38,   730.36,   596.83
  721.89,   851.73,   345.75
  722.57,   852.89,   469.99
  723.86,   855.22,   593.91
  851.48,   602.42,   345.64
  853.94,   603.70,   471.31
  855.55,   605.94,   597.63
  848.04,   727.91,   344.88
  848.69,   728.82,   470.31
  851.15,   731.33,   595.83
  845.53,   853.25,   344.74
  845.23,   853.61,   469.15
  847.96,   856.05,   593.63
  600.77,   598.90,   476.26
  604.23,   600.04,   602.11
  607.83,   600.06,   726.67
  602.65,   724.22,   474.30
  605.43,   725.89,   599.31
  608.04,   726.91,   724.42
  604.24,   849.02,   471.99
  607.10,   851.17,   596.55
  609.67,   852.70,   721.33
  727.37,   596.98,   472.75
  731.18,   598.40,   599.10
  733.35,   599.47,   724.09
  726.80,   722.56,   471.53
  730.41,   724.44,   596.62
  734.41,   726.13,   720.90
  727.16,   847.26,   469.91
  730.53,   849.38,   593.59
  735.03,   851.80,   717.91
  852.68,   594.94,   469.06
  856.24,   597.02,   595.01
  858.46,   598.54,   720.39
  850.59,   719.98,   467.57
  855.19,   722.41,   593.22
  861.09,   725.71,   719.03
  849.95,   844.78,   466.38
  854.74,   846.98,   591.21
  862.04,   851.07,   716.37
  598.15,   598.53,   601.69
  598.16,   599.19,   726.47
  598.76,   600.17,   850.16
  598.34,   724.24,   598.72
  597.47,   725.47,   723.66
  598.03,   725.47,   849.34
  599.53,   849.46,   595.72
  598.05,   851.71,   720.40
  597.56,   851.61,   847.23
  725.09,   598.31,   602.65
  724.02,   599.35,   727.62
  723.32,   601.19,   850.87
  723.72,   723.77,   599.65
  723.66,   725.78,   723.55
  724.48,   726.70,   848.59
  723.08,   848.81,   596.12
  723.59,   851.86,   720.37
  724.13,   852.29,   846.23
  850.30,   597.47,   602.23
  848.94,   599.41,   727.62
  847.77,   602.18,   852.11
  848.44,   722.86,   599.71
  850.71,   726.51,   725.33
  851.30,   728.96,   849.68
  847.11,   847.69,   597.40
  850.50,   851.69,   722.38
  851.99,   853.91,   848.43
