27, 125, pa2-unknown-i-output1.txt
  195.79,   210.00,   192.44
  391.36,   406.36,   206.95
  101.39,    99.06,   101.49
  101.59,    98.90,   226.26
  101.75,    99.61,   351.53
   98.64,   224.53,   101.29
   98.91,   224.72,   226.13
   99.19,   224.69,   351.12
   95.26,   349.70,   101.42
   95.71,   349.72,   226.11
   96.45,   349.18,   350.81
  226.53,   101.29,   100.85
  226.59,   101.70,   226.14
  226.80,   102.54,   351.55
  223.60,   226.53,   100.75
  223.63,   226.80,   225.99
  224.54,   226.93,   351.00
  220.68,   352.12,   101.31
  220.88,   352.08,   226.27
  221.38,   351.90,   350.59
  351.03,   103.51,   101.13
  351.19,   104.32,   226.44
  351.32,   104.95,   351.50
  348.12,   228.50,   100.71
  348.63,   229.10,   226.15
  348.78,   229.95,   351.11
  346.06,   354.15,   101.04
  346.30,   354.61,   225.74
  346.12,   354.12,   350.28
  100.93,   101.48,   225.46
   98.48,   104.90,   350.83
   96.41,   108.52,   476.07
   99.30,   227.08,   222.23
   97.62,   229.85,   347.28
   96.12,   232.99,   472.55
   97.94,   352.43,   219.30
   96.80,   354.79,   344.21
   95.14,   357.21,   469.27
  225.59,   102.39,   227.54
  223.50,   106.23,   352.77
  221.98,   109.65,   478.05
  224.18,   227.59,   224.62
  223.18,   230.77,   349.00
  221.91,   234.12,   474.13
  223.13,   353.08,   221.76
  221.64,   355.46,   345.85
  219.73,   358.22,   470.73
  350.08,   103.61,   230.20
  348.24,   107.07,   355.03
  346.13,   110.89,   479.74
  349.45,   228.24,   227.13
  347.37,   231.86,   351.58
  345.28,   235.51,   476.22
  348.73,   353.78,   223.78
  346.39,   356.42,   348.07
  344.12,   359.17,   472.72
   98.37,   100.40,   350.10
  100.42,   100.23,   475.02
  102.57,   100.02,   600.13
   96.56,   225.23,   350.04
   98.89,   225.07,   475.60
  100.80,   224.75,   600.46
   94.30,   350.10,   350.80
   96.78,   349.38,   475.63
   98.53,   349.04,   601.20
  223.71,   102.50,   348.33
  225.87,   102.56,   473.50
  227.79,   101.97,   597.83
  221.83,   227.31,   348.42
  224.33,   227.28,   473.26
  226.35,   227.10,   598.39
  219.32,   351.90,   348.55
  221.51,   351.14,   473.30
  222.95,   351.53,   598.86
  347.96,   104.95,   346.70
  349.75,   104.72,   471.10
  351.42,   104.25,   595.93
  345.94,   229.46,   346.79
  347.88,   229.60,   471.76
  349.19,   228.96,   596.41
  343.99,   354.24,   346.89
  345.50,   353.44,   471.68
  347.17,   353.32,   596.87
   99.57,   100.10,   473.43
  102.72,    97.80,   598.28
  105.60,    95.50,   722.34
   96.36,   224.96,   475.45
   99.17,   222.92,   600.58
  102.37,   221.07,   725.37
   92.69,   349.23,   477.76
   95.17,   347.21,   603.18
   97.45,   345.55,   728.40
  224.94,   104.11,   470.83
  227.54,   101.70,   595.51
  230.37,    98.75,   720.05
  222.26,   228.76,   472.71
  224.65,   226.55,   597.93
  227.08,   224.34,   722.67
  217.56,   352.52,   474.95
  219.93,   351.11,   600.12
  222.16,   349.60,   726.13
  348.94,   108.04,   468.28
  351.52,   105.34,   592.88
  353.68,   102.38,   717.47
  345.60,   232.64,   470.42
  347.47,   230.43,   594.92
  349.90,   227.41,   719.44
  341.78,   356.55,   472.35
  344.13,   354.46,   597.80
  346.38,   352.41,   723.08
  100.64,   101.95,   598.30
   98.59,   105.46,   722.84
   95.97,   109.57,   848.34
   98.28,   227.00,   594.67
   95.96,   230.76,   719.55
   93.32,   234.75,   844.61
   95.35,   350.98,   591.10
   92.31,   355.44,   716.20
   89.44,   359.47,   841.43
  225.93,   104.70,   600.44
  223.41,   107.89,   724.95
  221.02,   111.26,   850.42
  223.64,   229.69,   596.93
  220.91,   233.61,   721.50
  218.11,   237.35,   847.32
  220.23,   354.07,   593.10
  217.22,   358.51,   718.80
  214.22,   362.91,   844.48
  349.50,   107.66,   602.84
  346.92,   110.24,   727.04
  344.46,   113.18,   852.17
  346.72,   232.11,   599.01
  344.00,   235.44,   723.58
  341.79,   238.53,   848.40
  344.18,   356.13,   595.40
  341.29,   360.34,   721.15
  339.19,   364.47,   846.43
  100.59,   224.54,   100.04
  102.04,   223.82,   224.54
  104.04,   223.11,   349.68
   97.85,   349.74,   100.66
   99.81,   349.27,   225.51
  101.63,   348.17,   350.20
   95.96,   474.90,   100.79
   97.69,   474.21,   225.92
   99.98,   472.75,   350.61
  225.51,   226.03,    98.43
  227.08,   225.77,   223.48
  229.57,   225.17,   348.24
  223.07,   351.72,    99.37
  224.74,   351.12,   224.12
  226.83,   349.96,   348.47
  221.38,   477.14,    99.58
  222.76,   476.30,   224.49
  224.07,   474.57,   349.09
  350.42,   227.60,    96.98
  351.92,   227.26,   222.20
  353.41,   227.27,   347.36
  348.63,   353.16,    97.60
  350.21,   352.67,   222.69
  351.56,   351.90,   346.86
  347.01,   478.30,    98.08
  348.36,   477.94,   223.05
  349.54,   476.97,   347.32
   99.15,   224.93,   223.13
  100.94,   225.10,   348.35
  102.44,   225.47,   473.52
  100.45,   350.30,   223.28
  102.16,   349.84,   347.81
  103.80,   349.83,   473.12
  102.17,   475.44,   223.07
  104.08,   474.61,   347.72
  105.70,   474.45,   472.85
  224.20,   222.65,   222.33
  226.18,   223.18,   347.33
  227.82,   223.64,   472.00
  225.72,   348.36,   222.44
  227.13,   347.92,   346.57
  228.61,   347.77,   471.30
  227.40,   473.66,   222.13
  228.55,   472.73,   346.35
  229.60,   472.40,   471.30
  349.14,   220.51,   221.80
  350.29,   221.62,   346.43
  351.14,   222.27,   470.91
  351.01,   346.30,   221.15
  352.01,   346.20,   345.39
  352.96,   346.24,   470.24
  352.92,   471.62,   220.77
  353.69,   471.01,   345.00
  354.64,   470.87,   470.07
  100.75,   224.45,   350.26
   98.56,   223.18,   475.28
   96.35,   222.42,   600.42
  104.18,   349.13,   351.26
  101.98,   347.62,   476.55
   99.39,   346.85,   601.66
  107.44,   473.83,   352.94
  105.41,   472.10,   477.42
  102.31,   471.60,   603.05
  226.10,   220.89,   352.68
  224.54,   220.24,   477.43
  221.82,   219.26,   602.55
  229.02,   345.55,   353.58
  226.53,   344.36,   478.54
  223.94,   343.53,   603.78
  231.85,   470.40,   354.94
  229.15,   468.81,   479.75
  226.54,   468.31,   605.29
  350.15,   217.70,   355.54
  347.38,   216.93,   480.05
  344.71,   215.84,   604.83
  353.65,   342.16,   356.12
  351.05,   340.91,   481.06
  348.12,   340.14,   606.20
  356.89,   466.90,   357.05
  354.03,   465.45,   481.98
  351.40,   464.78,   608.09
  101.04,   226.26,   476.86
  103.99,   230.47,   601.80
  106.95,   234.53,   726.51
   98.32,   350.61,   473.03
  100.83,   354.73,   598.07
  102.78,   358.94,   723.72
   95.50,   475.61,   469.69
   97.58,   479.22,   594.79
   99.44,   483.94,   720.24
  226.75,   229.41,   473.63
  229.50,   233.21,   598.71
  231.52,   236.78,   723.41
  222.91,   353.33,   470.12
  225.34,   357.39,   595.39
  227.57,   361.99,   720.99
  219.63,   477.84,   466.68
  221.92,   482.22,   592.03
  223.91,   486.93,   717.80
  350.15,   232.27,   471.28
  352.36,   235.70,   595.95
  354.27,   238.81,   720.27
  347.15,   356.33,   467.45
  349.57,   359.99,   592.82
  352.04,   363.87,   718.49
  344.35,   481.07,   463.90
  346.78,   484.82,   589.50
  349.58,   488.90,   715.43
  101.43,   226.58,   599.30
   99.73,   223.44,   724.32
   97.89,   220.30,   849.48
  103.92,   350.82,   602.86
  101.92,   348.29,   728.07
   99.88,   345.29,   853.25
  106.71,   475.53,   606.70
  104.20,   473.19,   732.05
  102.39,   469.76,   856.80
  226.79,   223.39,   600.73
  224.75,   220.20,   725.39
  222.63,   216.94,   851.07
  228.64,   347.75,   604.36
  226.63,   345.12,   729.87
  224.55,   342.28,   855.85
  231.10,   472.52,   608.20
  229.08,   470.40,   733.99
  227.05,   467.05,   859.17
  349.61,   220.09,   601.99
  347.49,   216.14,   726.63
  346.11,   212.02,   851.20
  352.91,   344.23,   606.08
  350.74,   341.30,   731.48
  349.40,   337.83,   856.32
  356.10,   468.94,   609.79
  354.36,   466.21,   735.76
  353.01,   463.16,   860.36
  101.43,   349.38,    99.36
  100.86,   351.77,   224.12
  101.15,   353.01,   348.67
  104.10,   474.51,    96.55
  103.89,   476.34,   221.99
  104.57,   477.79,   346.48
  107.90,   599.22,    94.11
  106.97,   600.88,   219.14
  107.69,   602.50,   344.26
  226.33,   345.86,    99.58
  226.32,   348.16,   224.64
  226.10,   349.67,   348.92
  229.89,   471.47,    97.34
  229.29,   473.52,   222.33
  228.82,   474.74,   346.96
  233.49,   595.76,    94.50
  232.28,   597.64,   219.34
  231.89,   599.47,   344.54
  351.75,   342.41,    99.98
  351.24,   344.88,   225.21
  350.91,   346.75,   349.50
  355.59,   467.60,    98.09
  354.69,   469.92,   222.66
  354.13,   471.77,   346.70
  358.50,   592.44,    95.48
  357.84,   594.53,   220.09
  356.95,   596.99,   345.19
   99.54,   352.05,   223.79
  102.61,   354.18,   348.25
  105.16,   356.87,   473.50
   97.64,   476.89,   220.63
  101.19,   478.94,   345.40
  104.05,   481.59,   470.10
   96.11,   601.45,   217.56
   99.80,   603.75,   342.15
  102.76,   606.91,   467.25
  224.71,   353.24,   221.56
  227.48,   355.71,   345.83
  229.73,   358.51,   470.24
  222.69,   478.58,   218.66
  225.20,   480.49,   342.72
  227.70,   482.99,   467.65
  221.26,   602.96,   214.64
  224.00,   605.25,   340.02
  226.62,   608.83,   465.20
  350.00,   354.26,   218.97
  352.32,   357.11,   343.22
  354.39,   359.77,   467.96
  348.65,   479.79,   215.74
  350.43,   481.85,   340.07
  352.74,   484.75,   464.98
  347.03,   603.89,   212.57
  348.77,   607.50,   337.64
  350.79,   610.92,   462.89
  101.42,   351.49,   347.80
  102.33,   354.61,   472.90
  103.03,   358.80,   597.89
  100.51,   476.04,   344.45
  101.52,   479.35,   469.13
  101.84,   483.52,   594.42
  100.11,   600.99,   340.71
  101.38,   604.55,   465.59
  101.18,   609.08,   590.73
  226.43,   352.31,   347.15
  227.05,   355.54,   471.78
  227.61,   359.89,   597.39
  224.91,   477.11,   343.73
  225.48,   480.29,   468.53
  225.65,   484.70,   593.97
  224.06,   602.15,   340.29
  225.12,   605.93,   465.38
  225.45,   610.05,   590.49
  351.15,   353.04,   346.79
  351.37,   356.48,   471.33
  351.87,   360.45,   596.70
  350.42,   478.11,   342.71
  350.53,   481.32,   467.89
  350.72,   485.28,   593.56
  349.27,   603.59,   340.06
  349.43,   607.21,   464.75
  350.00,   610.92,   589.92
   99.55,   349.04,   474.43
   97.91,   347.29,   599.63
   95.92,   346.27,   725.01
  102.22,   474.09,   476.68
  100.05,   472.40,   602.00
   97.23,   471.11,   727.59
  105.04,   599.17,   478.94
  102.98,   597.72,   603.90
   99.80,   596.64,   728.76
  224.46,   346.85,   475.75
  222.50,   345.10,   601.04
  220.36,   343.99,   726.78
  226.28,   471.32,   477.87
  224.41,   470.05,   603.50
  222.07,   469.12,   729.28
  228.78,   596.91,   480.98
  227.37,   595.68,   605.57
  225.23,   594.07,   730.43
  348.82,   344.50,   477.32
  346.90,   342.63,   602.63
  344.93,   340.59,   728.27
  350.92,   469.11,   479.55
  349.42,   467.28,   605.48
  347.49,   466.04,   731.38
  353.33,   594.86,   482.38
  351.77,   592.72,   607.56
  350.20,   590.65,   732.51
  102.15,   351.60,   600.28
  104.42,   355.69,   725.81
  106.85,   359.45,   850.96
  102.24,   476.48,   597.37
  104.16,   480.49,   722.91
  106.54,   483.95,   847.67
  103.06,   602.12,   594.38
  104.69,   606.21,   718.76
  107.17,   608.96,   843.45
  226.82,   351.04,   597.44
  228.87,   355.32,   722.99
  231.38,   358.75,   848.74
  226.55,   475.84,   594.29
  228.84,   480.28,   720.30
  231.86,   483.95,   845.48
  227.50,   601.43,   591.47
  230.06,   605.10,   715.82
  232.56,   608.37,   840.28
  350.77,   350.13,   594.31
  353.30,   353.70,   720.00
  356.70,   357.03,   844.91
  351.43,   475.19,   591.52
  354.44,   478.92,   717.54
  357.65,   482.27,   842.57
  351.87,   600.85,   588.66
  355.12,   603.76,   713.49
  358.48,   606.68,   837.97
  100.11,   473.72,   101.12
  100.01,   473.74,   226.30
  101.25,   472.96,   351.01
  100.91,   598.61,   100.84
  100.77,   598.60,   225.52
  102.08,   597.94,   350.79
  101.72,   723.35,   100.14
  101.67,   723.08,   224.58
  103.09,   723.01,   350.26
  225.48,   473.46,   101.14
  225.29,   473.33,   226.14
  225.53,   472.18,   350.64
  226.27,   597.96,   100.47
  225.78,   597.83,   225.26
  226.35,   597.49,   350.65
  227.51,   721.91,   100.13
  226.55,   721.65,   223.98
  227.36,   722.58,   350.62
  350.99,   472.04,   101.15
  351.07,   472.27,   226.05
  350.70,   471.82,   350.14
  351.95,   596.90,   100.75
  351.46,   596.87,   225.72
  351.06,   596.96,   350.77
  352.36,   721.19,   100.55
  352.14,   721.13,   225.54
  351.45,   722.74,   351.44
  101.28,   474.48,   223.21
  102.68,   471.34,   347.89
  103.90,   468.51,   472.85
   98.26,   598.87,   225.06
   99.94,   595.95,   350.02
  101.36,   593.73,   475.34
   95.31,   723.24,   226.63
   97.42,   721.10,   352.19
   98.93,   719.45,   477.80
  226.42,   477.28,   222.91
  227.15,   474.02,   347.14
  227.74,   471.48,   471.95
  223.23,   601.94,   224.21
  224.25,   599.31,   349.44
  225.21,   596.91,   474.67
  220.34,   725.78,   225.48
  221.63,   724.50,   351.78
  223.58,   722.92,   477.85
  351.83,   480.14,   221.75
  352.21,   477.24,   346.12
  352.71,   474.88,   471.15
  348.77,   604.66,   224.10
  348.91,   602.68,   348.73
  349.44,   600.52,   473.90
  345.49,   728.72,   225.98
  345.97,   728.28,   352.16
  346.42,   726.91,   477.17
   98.91,   473.76,   351.54
  101.75,   475.41,   476.15
  103.65,   477.63,   601.75
   95.97,   598.77,   349.71
   99.17,   600.42,   474.66
  100.78,   603.36,   599.76
   93.18,   723.62,   347.65
   96.76,   726.28,   473.05
   98.43,   728.64,   597.71
  222.98,   476.78,   348.99
  225.43,   478.23,   473.66
  227.65,   480.95,   599.17
  220.10,   601.64,   347.20
  222.78,   603.95,   472.65
  225.32,   606.46,   597.25
  217.60,   726.93,   345.30
  221.18,   729.60,   471.48
  223.94,   732.21,   595.33
  348.32,   479.96,   345.97
  350.42,   481.31,   470.75
  352.82,   483.50,   596.55
  344.69,   605.24,   344.76
  347.22,   607.23,   469.77
  349.55,   609.19,   594.77
  341.45,   730.76,   343.83
  344.00,   733.63,   468.90
  346.72,   735.47,   592.84
  101.20,   475.59,   474.16
  102.59,   473.12,   599.13
  103.29,   470.84,   724.86
  102.16,   600.87,   477.30
  103.19,   598.33,   602.35
  103.63,   596.21,   727.10
  103.49,   726.80,   481.21
  104.52,   724.01,   605.43
  104.85,   721.67,   729.77
  225.21,   475.33,   472.21
  226.76,   472.75,   597.34
  228.26,   470.48,   723.31
  226.00,   600.83,   476.03
  227.77,   598.32,   600.79
  229.24,   595.57,   725.21
  228.08,   726.60,   479.82
  229.76,   723.91,   603.79
  230.67,   720.92,   726.67
  350.34,   474.81,   470.19
  351.90,   472.01,   595.86
  353.65,   469.48,   721.88
  350.26,   600.77,   474.12
  352.23,   597.71,   599.16
  354.56,   594.20,   724.56
  350.87,   727.36,   478.17
  352.98,   723.49,   602.32
  355.10,   719.08,   725.78
  100.73,   472.82,   600.49
   98.93,   472.65,   725.82
   97.56,   471.21,   850.79
  102.90,   598.48,   601.51
  100.87,   597.77,   726.59
   99.68,   596.50,   851.53
  105.60,   723.91,   602.87
  103.27,   723.16,   727.17
  102.65,   722.10,   852.89
  224.76,   471.17,   600.98
  223.74,   471.01,   727.22
  222.81,   469.98,   852.53
  227.40,   596.44,   602.59
  226.13,   596.07,   726.98
  224.51,   594.51,   851.96
  230.65,   722.42,   603.61
  228.95,   721.22,   726.68
  227.62,   719.99,   851.47
  349.93,   468.83,   602.35
  349.24,   468.45,   728.07
  348.55,   467.27,   852.77
  351.90,   594.41,   603.55
  351.28,   593.04,   728.68
  350.67,   592.00,   853.18
  353.93,   720.48,   604.88
  353.31,   717.88,   728.38
  352.15,   715.89,   852.89
  100.59,   602.37,   100.94
  101.37,   601.33,   226.24
  103.25,   599.87,   351.10
  101.90,   726.88,   101.40
  102.65,   725.72,   225.59
  105.00,   724.85,   351.64
  102.67,   851.50,   101.89
  103.39,   850.30,   225.70
  106.26,   850.06,   351.74
  225.85,   601.16,    99.88
  226.25,   599.73,   224.69
  227.66,   598.62,   350.32
  227.47,   725.18,   100.29
  227.69,   723.99,   224.55
  229.53,   724.06,   350.84
  228.67,   849.34,   101.22
  229.36,   848.65,   225.41
  230.98,   849.23,   351.49
  351.42,   599.22,    99.62
  352.04,   598.55,   224.18
  352.27,   597.88,   349.45
  352.48,   723.84,    99.78
  353.12,   722.72,   224.87
  353.52,   723.58,   350.93
  353.76,   848.60,   100.43
  354.37,   847.56,   225.75
  354.79,   848.11,   351.34
  100.94,   601.99,   223.73
   99.79,   603.92,   349.09
   98.12,   606.17,   473.91
  100.41,   726.50,   220.33
   99.46,   728.91,   346.44
   97.75,   731.70,   471.89
   99.04,   850.79,   217.88
   98.29,   854.18,   343.38
   96.81,   857.32,   469.10
  226.00,   602.53,   226.11
  224.00,   604.62,   351.58
  221.61,   607.11,   476.60
  225.31,   726.65,   222.59
  223.60,   730.06,   349.07
  222.22,   733.10,   474.77
  224.88,   851.66,   220.63
  223.39,   854.99,   346.35
  221.34,   858.10,   472.08
  351.82,   603.32,   229.16
  348.54,   605.82,   354.14
  346.06,   608.58,   478.97
  350.82,   727.50,   226.55
  347.73,   731.61,   352.57
  345.03,   734.90,   477.52
  350.17,   852.70,   224.35
  347.41,   856.13,   349.98
  344.78,   859.25,   474.55
  101.55,   599.44,   349.56
  105.31,   601.60,   474.61
  107.76,   604.89,   599.35
   99.90,   724.68,   347.26
  104.04,   727.52,   472.52
  106.82,   730.52,   597.19
   97.69,   849.74,   344.46
  102.15,   852.90,   470.39
  104.94,   855.79,   595.78
  225.62,   601.49,   346.55
  229.01,   603.79,   471.58
  232.30,   606.76,   596.67
  224.54,   726.55,   344.41
  228.25,   729.81,   470.29
  231.47,   732.65,   594.37
  222.86,   851.91,   342.08
  226.60,   854.97,   467.68
  229.76,   857.65,   592.62
  350.66,   603.87,   343.37
  353.10,   606.30,   468.76
  356.65,   608.74,   593.45
  348.33,   729.12,   342.25
  351.14,   732.63,   467.17
  354.78,   734.47,   591.08
  346.89,   853.70,   340.10
  350.01,   856.94,   464.66
  353.26,   859.40,   588.61
  100.15,   600.86,   473.11
  100.17,   603.42,   598.29
   99.80,   605.92,   723.29
   99.59,   726.77,   472.01
  100.14,   728.92,   596.70
   99.43,   731.08,   721.06
   98.79,   852.05,   470.03
   99.43,   854.12,   595.51
   99.89,   856.25,   721.06
  223.80,   602.07,   472.64
  224.94,   604.35,   597.68
  225.34,   606.51,   721.82
  224.21,   728.21,   471.84
  225.17,   730.39,   595.65
  225.23,   732.09,   718.60
  223.47,   853.28,   469.99
  224.22,   855.35,   594.55
  224.83,   857.60,   718.71
  348.28,   603.72,   471.69
  349.22,   605.32,   596.85
  350.36,   606.68,   722.03
  346.97,   730.12,   471.26
  348.18,   731.36,   595.08
  349.41,   731.68,   718.69
  346.85,   854.66,   469.34
  347.71,   856.34,   593.17
  348.54,   856.97,   716.86
   98.59,   600.85,   602.03
   98.35,   600.64,   726.85
   98.94,   599.17,   851.52
  101.25,   726.51,   603.28
  101.06,   726.00,   727.44
  102.28,   724.61,   852.81
  103.93,   852.05,   605.11
  104.02,   851.15,   729.93
  105.00,   849.34,   855.04
  223.20,   599.24,   600.85
  223.87,   598.45,   725.54
  224.12,   597.49,   850.10
  226.42,   724.81,   601.83
  226.73,   723.79,   724.87
  227.09,   722.64,   849.51
  228.46,   850.20,   603.76
  228.99,   849.43,   727.76
  229.10,   847.36,   851.84
  347.64,   597.20,   599.90
  349.13,   595.73,   724.98
  349.84,   594.47,   849.54
  349.53,   723.21,   600.98
  351.04,   720.63,   724.67
  351.78,   718.50,   849.12
  352.11,   848.20,   601.92
  352.97,   845.73,   725.75
  353.13,   844.21,   850.32
  223.67,    98.87,   101.05
  222.33,   101.37,   226.18
  221.17,   104.63,   351.76
  223.27,   223.88,    98.65
  221.97,   226.68,   223.70
  221.30,   229.44,   348.50
  222.63,   349.90,    96.51
  221.53,   352.15,   221.74
  220.53,   353.89,   346.02
  348.03,    98.89,   102.57
  346.78,   101.94,   228.19
  345.61,   105.17,   353.21
  348.06,   224.15,   100.08
  346.57,   226.64,   225.46
  345.34,   229.66,   350.32
  347.95,   349.26,    97.68
  346.63,   352.02,   222.87
  345.47,   354.28,   347.11
  472.76,    99.33,   104.47
  471.45,   102.17,   229.71
  470.40,   105.41,   354.29
  472.70,   224.48,   101.18
  471.66,   226.62,   226.68
  469.92,   229.98,   351.83
  473.13,   349.42,    99.02
  471.87,   352.13,   223.72
  470.62,   354.31,   348.33
  227.02,   100.51,   223.77
  228.94,   101.69,   349.35
  231.30,   102.99,   474.47
  229.19,   225.56,   223.01
  231.89,   226.58,   347.96
  234.39,   227.64,   472.92
  231.13,   350.87,   222.54
  233.20,   351.11,   347.05
  235.44,   351.87,   471.54
  351.85,    97.99,   222.71
  353.48,    99.80,   347.44
  355.42,   100.84,   472.20
  353.85,   222.70,   221.72
  355.73,   224.34,   346.72
  357.38,   225.61,   471.32
  356.59,   348.22,   220.47
  358.01,   348.73,   345.15
  359.75,   349.70,   469.90
  476.12,    96.18,   221.28
  478.40,    97.46,   345.83
  480.16,    98.54,   470.29
  479.09,   220.65,   220.10
  480.30,   222.06,   345.02
  481.39,   223.22,   469.47
  481.66,   346.04,   218.30
  483.23,   346.65,   343.29
  484.48,   347.10,   468.32
  226.23,    99.48,   348.24
  224.76,    97.97,   473.13
  223.54,    96.09,   598.06
  226.29,   224.18,   349.60
  225.66,   222.87,   474.69
  224.11,   221.24,   599.78
  225.56,   348.85,   351.36
  224.25,   346.97,   476.15
  222.91,   345.53,   601.49
  350.55,    99.95,   349.90
  349.14,    98.43,   474.67
  347.47,    96.30,   599.26
  350.60,   224.53,   351.82
  348.89,   223.43,   476.05
  347.11,   221.22,   600.98
  350.43,   349.06,   353.01
  348.78,   347.22,   477.62
  346.90,   345.65,   602.94
  475.58,   100.04,   351.28
  473.91,    98.52,   475.90
  472.08,    96.41,   600.61
  475.00,   224.57,   353.30
  472.84,   223.29,   477.80
  470.73,   221.51,   602.28
  475.56,   349.18,   354.39
  473.44,   347.03,   479.55
  471.70,   345.51,   604.95
  225.76,   102.63,   474.35
  224.12,   105.02,   598.97
  222.93,   107.26,   723.59
  227.29,   227.20,   471.40
  225.18,   230.25,   596.24
  223.11,   233.10,   721.17
  226.60,   351.10,   468.39
  224.42,   354.29,   593.57
  222.39,   358.02,   719.43
  350.00,   101.98,   476.02
  347.82,   104.66,   600.94
  346.08,   106.49,   725.37
  350.52,   226.81,   473.36
  348.20,   229.68,   597.93
  346.32,   231.66,   722.51
  350.76,   350.65,   469.96
  348.87,   353.75,   595.63
  346.68,   356.83,   721.19
  474.63,   101.63,   477.70
  472.25,   104.39,   602.61
  470.14,   106.25,   727.50
  474.44,   226.27,   475.35
  472.20,   228.88,   599.92
  470.60,   230.95,   724.13
  475.60,   350.33,   472.16
  473.61,   352.69,   597.89
  472.29,   355.67,   722.89
  226.25,   101.20,   599.00
  226.09,   103.43,   723.47
  225.44,   106.02,   848.81
  223.31,   225.93,   595.92
  222.48,   228.89,   720.69
  221.10,   232.39,   846.42
  218.68,   350.32,   592.88
  217.53,   354.07,   718.76
  216.38,   357.78,   844.70
  349.93,   104.89,   599.38
  349.14,   107.01,   723.70
  349.09,   109.14,   848.61
  346.16,   229.55,   596.15
  345.38,   231.92,   720.71
  344.55,   234.46,   845.66
  342.50,   353.78,   593.53
  341.58,   357.18,   719.06
  341.04,   360.25,   844.12
  474.25,   108.34,   599.96
  473.15,   110.57,   724.89
  473.43,   112.72,   849.76
  469.93,   233.20,   597.07
  469.58,   235.38,   721.26
  469.75,   237.05,   846.09
  467.29,   356.75,   594.37
  467.13,   360.17,   719.96
  466.64,   363.11,   844.75
  226.68,   222.87,    99.38
  229.84,   226.43,   224.31
  233.66,   230.11,   349.04
  229.98,   348.64,    96.34
  232.94,   352.02,   221.48
  236.26,   354.79,   345.56
  233.56,   473.66,    92.54
  236.22,   476.97,   217.70
  239.39,   479.38,   342.00
  351.67,   219.15,    96.39
  354.55,   222.68,   222.03
  357.56,   226.92,   346.55
  355.45,   344.58,    93.10
  358.11,   348.11,   218.09
  361.23,   351.28,   342.54
  358.98,   469.83,    89.77
  361.97,   473.32,   214.43
  364.50,   476.11,   338.76
  476.41,   216.25,    93.60
  479.73,   219.22,   219.27
  482.14,   223.31,   344.21
  480.13,   340.75,    90.27
  483.56,   344.50,   214.80
  486.21,   347.68,   339.58
  484.08,   465.68,    86.97
  487.17,   469.74,   211.00
  490.10,   472.79,   335.72
  223.98,   224.20,   223.95
  225.36,   227.07,   348.70
  226.41,   230.42,   473.93
  222.52,   349.68,   221.69
  223.33,   351.65,   345.75
  224.09,   354.39,   470.40
  221.00,   474.88,   218.49
  221.67,   476.59,   342.97
  222.21,   479.03,   467.49
  349.09,   225.16,   224.02
  349.29,   228.65,   348.89
  349.65,   232.04,   473.46
  348.12,   350.50,   220.76
  348.13,   353.10,   345.22
  348.67,   355.56,   469.92
  346.87,   475.89,   217.69
  346.92,   477.91,   342.10
  347.00,   480.48,   467.04
  473.78,   226.32,   223.52
  473.91,   229.61,   348.75
  473.77,   233.09,   473.24
  473.06,   351.62,   220.06
  473.42,   354.19,   344.81
  473.41,   356.91,   469.73
  472.26,   476.73,   216.71
  472.34,   479.53,   341.44
  472.84,   481.87,   466.83
  227.39,   223.18,   350.08
  229.30,   223.59,   475.29
  230.49,   223.88,   600.29
  223.38,   347.83,   350.20
  224.75,   347.47,   474.86
  225.96,   347.75,   600.21
  219.36,   472.37,   350.39
  220.95,   472.13,   475.03
  222.00,   472.86,   600.79
  351.19,   226.72,   349.33
  352.19,   226.95,   474.05
  353.08,   226.85,   598.76
  348.13,   350.94,   348.82
  349.08,   350.85,   473.67
  350.17,   351.08,   598.86
  344.60,   476.09,   348.73
  345.44,   475.43,   473.93
  346.91,   475.74,   599.49
  475.85,   229.97,   348.20
  476.39,   230.07,   472.99
  476.93,   230.12,   597.48
  473.15,   354.44,   347.73
  473.98,   354.20,   472.83
  475.06,   353.86,   597.94
  469.96,   479.33,   347.34
  471.05,   479.01,   472.53
  472.23,   478.93,   598.64
  226.54,   224.79,   474.33
  224.35,   223.39,   599.41
  221.76,   222.25,   724.16
  225.53,   348.91,   475.60
  223.07,   347.99,   600.84
  220.49,   347.13,   726.74
  224.78,   473.36,   477.17
  222.23,   472.50,   602.67
  219.88,   472.48,   728.41
  350.00,   225.05,   476.52
  347.28,   223.45,   601.44
  344.85,   221.16,   725.78
  349.75,   349.04,   477.91
  347.17,   347.71,   603.06
  344.86,   346.61,   728.47
  349.70,   473.82,   479.41
  347.22,   472.49,   604.97
  345.30,   471.64,   730.87
  473.74,   224.99,   479.23
  470.95,   223.47,   603.60
  469.18,   221.08,   727.86
  474.83,   348.76,   480.36
  472.35,   347.32,   605.90
  469.96,   345.69,   730.98
  475.30,   473.68,   481.82
  473.02,   471.92,   607.64
  470.89,   471.10,   733.35
  227.37,   225.13,   600.42
  226.19,   221.99,   725.09
  225.24,   218.87,   850.82
  229.16,   349.32,   603.75
  227.94,   347.03,   729.36
  227.13,   344.58,   854.87
  231.34,   474.07,   607.18
  230.65,   472.04,   732.97
  230.04,   469.13,   858.02
  349.83,   221.86,   600.53
  349.26,   217.89,   724.94
  348.95,   214.30,   849.85
  353.24,   345.67,   604.22
  352.43,   343.11,   729.38
  352.25,   340.09,   854.73
  356.21,   470.73,   607.72
  355.93,   468.30,   733.54
  355.63,   465.36,   858.07
  473.61,   218.38,   601.09
  473.48,   214.44,   725.74
  473.75,   210.62,   850.30
  478.06,   342.41,   604.66
  477.82,   339.48,   729.96
  477.51,   336.23,   854.72
  482.17,   467.17,   608.55
  481.83,   464.48,   734.42
  481.79,   462.06,   858.67
  225.14,   351.31,   101.00
  228.03,   348.64,   226.02
  231.77,   344.99,   350.10
  223.49,   476.51,   103.56
  226.44,   473.48,   228.58
  229.65,   469.71,   353.19
  222.11,   601.21,   105.82
  224.78,   597.92,   230.56
  228.14,   595.06,   356.03
  350.65,   352.39,    97.77
  353.36,   349.99,   223.04
  356.63,   347.01,   347.10
  349.20,   477.77,   100.59
  352.14,   475.25,   225.29
  354.86,   471.90,   349.64
  347.65,   602.41,   103.37
  350.18,   599.76,   228.03
  352.94,   596.96,   352.74
  475.45,   353.51,    94.95
  478.64,   351.45,   219.45
  481.66,   348.49,   344.05
  474.28,   478.78,    97.67
  477.34,   476.63,   221.76
  480.34,   473.60,   346.55
  472.77,   603.70,   100.44
  475.60,   601.36,   225.18
  478.23,   599.00,   349.68
  225.70,   352.02,   226.11
  229.30,   347.88,   350.20
  232.74,   344.21,   474.80
  226.42,   477.20,   229.47
  229.52,   472.39,   353.60
  232.86,   468.86,   478.22
  226.65,   601.42,   232.01
  230.15,   597.53,   357.46
  233.45,   594.53,   482.50
  351.29,   350.87,   222.80
  354.11,   347.25,   346.81
  357.12,   343.69,   471.72
  351.85,   476.14,   225.92
  354.70,   472.12,   349.95
  357.46,   468.51,   474.95
  352.53,   600.58,   229.21
  354.99,   597.50,   354.13
  357.94,   594.47,   479.18
  476.27,   350.43,   219.28
  479.17,   346.57,   343.87
  481.74,   343.23,   468.94
  477.16,   475.42,   222.31
  480.01,   471.58,   346.74
  482.98,   467.91,   472.27
  477.68,   600.31,   226.26
  480.45,   597.24,   350.95
  483.34,   594.00,   475.65
  226.32,   350.95,   348.22
  223.86,   349.92,   472.92
  221.71,   349.96,   598.62
  225.13,   475.96,   349.09
  222.81,   474.84,   474.01
  220.02,   474.85,   599.51
  224.58,   601.13,   350.33
  222.53,   600.38,   475.42
  219.92,   600.46,   600.16
  350.94,   351.88,   350.80
  348.42,   350.65,   475.47
  345.51,   350.21,   600.88
  350.23,   476.51,   351.31
  347.56,   475.35,   476.45
  344.82,   475.27,   602.19
  349.50,   602.25,   352.72
  346.59,   601.61,   477.75
  344.38,   601.06,   602.90
  476.25,   352.57,   353.22
  472.99,   351.47,   478.37
  470.45,   350.63,   603.85
  475.66,   477.38,   353.74
  472.95,   476.09,   479.00
  470.64,   475.59,   605.00
  474.58,   602.88,   355.35
  471.60,   602.51,   480.35
  469.47,   601.39,   605.72
  225.02,   349.36,   473.27
  221.15,   349.19,   598.92
  216.95,   349.68,   724.34
  223.69,   474.23,   474.43
  219.57,   474.28,   599.53
  215.64,   474.70,   725.72
  223.17,   599.71,   475.74
  219.57,   599.87,   600.63
  215.63,   599.88,   724.93
  349.21,   350.23,   477.04
  345.34,   349.47,   602.63
  341.38,   349.23,   728.10
  348.25,   474.68,   477.78
  344.77,   474.40,   603.70
  340.88,   474.51,   729.32
  347.63,   600.97,   479.14
  344.18,   600.07,   604.45
  340.87,   599.53,   729.24
  474.09,   350.47,   481.08
  470.14,   350.06,   606.31
  466.65,   349.18,   731.75
  473.85,   475.64,   481.66
  470.29,   474.88,   607.67
  466.91,   474.82,   733.46
  472.51,   601.73,   483.00
  469.17,   600.77,   608.18
  466.12,   599.51,   733.51
  224.11,   350.26,   599.99
  220.47,   354.84,   725.77
  216.82,   359.02,   851.56
  222.45,   474.68,   596.53
  218.53,   479.85,   722.46
  215.40,   483.53,   847.45
  221.93,   600.48,   593.00
  218.37,   604.76,   717.29
  214.52,   608.57,   841.84
  348.16,   351.01,   603.16
  344.71,   354.96,   728.71
  341.87,   358.73,   853.72
  347.05,   475.98,   599.98
  344.30,   480.22,   725.77
  341.02,   484.13,   850.65
  346.26,   601.37,   596.32
  343.30,   605.18,   721.31
  340.11,   608.62,   845.48
  472.99,   351.72,   606.82
  470.09,   355.50,   731.86
  467.42,   359.30,   856.74
  472.96,   476.56,   603.69
  469.96,   480.97,   729.34
  467.15,   484.96,   853.75
  471.36,   602.35,   599.69
  468.82,   605.59,   724.78
  465.83,   609.20,   849.28
  226.35,   474.39,   101.09
  227.44,   475.58,   226.17
  228.76,   476.31,   350.72
  224.20,   598.90,    98.93
  224.88,   600.15,   223.92
  226.50,   601.67,   349.00
  222.01,   723.07,    96.89
  222.47,   724.31,   220.88
  224.62,   726.73,   347.50
  351.87,   476.15,   100.13
  353.05,   477.68,   224.61
  354.17,   478.85,   349.04
  349.62,   600.82,    97.86
  350.83,   602.48,   223.02
  351.26,   604.22,   347.60
  347.31,   725.32,    96.02
  347.93,   726.66,   220.93
  348.62,   729.84,   347.02
  477.28,   477.70,    98.45
  478.46,   480.11,   222.87
  479.66,   481.69,   347.61
  474.58,   602.78,    96.72
  476.10,   604.81,   221.55
  476.69,   606.84,   346.50
  471.49,   727.95,    94.53
  473.29,   728.98,   220.65
  473.27,   732.67,   345.89
  225.64,   473.72,   225.35
  222.29,   474.31,   349.78
  218.93,   475.27,   474.40
  225.78,   597.94,   223.28
  222.86,   599.36,   348.28
  219.72,   601.17,   473.71
  226.25,   722.23,   220.43
  223.80,   724.52,   346.76
  221.24,   726.87,   472.70
  351.18,   473.17,   228.44
  347.37,   474.09,   352.91
  343.96,   475.27,   477.57
  351.49,   597.62,   226.94
  347.50,   599.27,   351.76
  343.85,   601.35,   476.84
  351.68,   721.90,   225.24
  347.98,   724.91,   350.95
  344.35,   727.60,   476.23
  476.42,   472.61,   231.42
  472.88,   473.89,   356.19
  469.50,   475.05,   481.58
  477.01,   597.20,   230.44
  472.88,   599.40,   355.25
  469.00,   601.14,   480.00
  476.94,   721.63,   229.76
  472.19,   725.09,   354.48
  468.03,   727.56,   479.05
  226.00,   472.41,   351.46
  224.47,   471.65,   476.19
  222.56,   471.92,   601.57
  223.27,   597.70,   352.19
  221.75,   597.45,   477.20
  220.11,   597.36,   602.20
  220.87,   722.89,   352.79
  220.14,   723.07,   478.46
  218.71,   723.40,   602.23
  351.36,   475.84,   352.84
  349.16,   475.03,   477.72
  347.52,   474.62,   603.56
  348.12,   601.13,   353.96
  345.92,   600.86,   479.12
  344.37,   600.48,   604.08
  344.67,   726.48,   355.20
  343.19,   727.34,   480.38
  341.73,   726.26,   604.21
  476.82,   479.06,   354.49
  474.84,   477.98,   479.77
  472.99,   477.28,   605.77
  473.19,   604.32,   355.51
  471.09,   604.16,   480.77
  469.46,   603.09,   605.98
  469.36,   729.99,   357.02
  466.87,   730.69,   481.54
  465.42,   729.52,   605.77
  226.23,   473.45,   472.60
  223.64,   477.69,   598.33
  221.26,   482.36,   723.93
  227.86,   598.93,   469.97
  225.76,   603.22,   594.87
  223.21,   607.37,   719.36
  230.51,   725.04,   467.60
  228.75,   728.91,   591.37
  225.98,   732.40,   714.30
  350.88,   472.21,   474.83
  348.65,   476.07,   600.66
  346.67,   480.42,   726.56
  352.27,   598.19,   472.03
  350.28,   601.76,   597.39
  348.20,   604.99,   722.31
  353.55,   724.49,   469.84
  351.86,   727.61,   593.66
  349.81,   729.68,   717.24
  476.38,   470.89,   477.51
  474.46,   474.39,   603.06
  472.57,   478.20,   729.03
  477.29,   596.80,   474.17
  475.29,   600.22,   599.54
  473.55,   603.26,   725.17
  477.43,   723.55,   471.62
  475.56,   726.07,   595.79
  474.29,   727.82,   719.83
  226.25,   476.08,   599.07
  224.63,   474.63,   725.16
  222.93,   471.69,   850.27
  225.62,   601.54,   602.35
  223.98,   599.27,   726.90
  221.95,   596.33,   851.44
  226.07,   727.63,   604.73
  223.94,   724.71,   727.82
  221.86,   721.65,   852.85
  351.34,   476.86,   600.83
  350.07,   474.96,   726.54
  348.86,   472.25,   851.34
  350.07,   602.70,   603.91
  349.40,   599.49,   728.67
  347.74,   596.44,   853.07
  349.36,   728.63,   606.47
  348.33,   724.55,   730.02
  346.64,   720.85,   854.31
  477.02,   477.84,   602.41
  476.04,   475.32,   728.23
  475.05,   473.12,   852.78
  475.18,   603.61,   605.26
  474.82,   600.21,   730.55
  473.72,   597.62,   855.10
  472.85,   729.44,   607.67
  472.66,   724.83,   731.87
  471.29,   721.35,   856.55
  226.70,   601.18,    99.24
  226.39,   600.61,   224.03
  226.84,   600.19,   349.45
  224.00,   725.30,    99.39
  223.40,   724.77,   223.38
  224.37,   725.33,   349.94
  221.12,   849.49,    99.42
  220.94,   849.42,   223.67
  221.83,   850.30,   349.37
  352.22,   603.85,    99.65
  352.21,   603.51,   224.44
  351.71,   603.48,   349.29
  348.97,   728.17,    99.34
  348.70,   727.65,   224.39
  348.38,   728.97,   350.44
  346.14,   852.93,    99.41
  345.66,   852.66,   224.78
  346.01,   853.85,   350.29
  477.20,   606.59,    99.57
  477.51,   606.28,   224.46
  476.77,   606.87,   349.20
  473.75,   731.66,    99.07
  474.19,   730.76,   225.30
  473.02,   732.55,   350.40
  470.40,   856.89,    98.99
  470.60,   856.01,   225.51
  470.40,   856.91,   350.67
  224.67,   600.04,   225.65
  225.00,   602.89,   351.17
  225.32,   606.32,   476.31
  226.68,   724.05,   221.26
  227.29,   728.15,   347.85
  228.63,   732.44,   473.63
  228.82,   848.67,   218.39
  229.54,   853.13,   344.26
  230.48,   857.55,   469.83
  350.27,   598.16,   226.36
  349.61,   601.65,   351.07
  349.82,   605.26,   476.29
  352.18,   722.22,   223.08
  351.70,   726.92,   348.71
  351.54,   731.32,   473.82
  353.94,   846.87,   219.66
  353.87,   851.59,   345.46
  353.99,   855.90,   469.88
  475.56,   595.95,   226.29
  475.20,   599.79,   350.81
  474.73,   603.29,   475.91
  477.40,   720.47,   223.97
  476.30,   725.23,   348.80
  475.36,   729.71,   473.27
  478.88,   845.30,   220.78
  478.07,   849.85,   345.98
  478.01,   853.75,   469.89
  223.94,   597.89,   349.65
  227.59,   599.42,   474.87
  231.02,   601.58,   599.84
  221.43,   722.90,   348.38
  225.84,   725.53,   474.51
  229.49,   727.22,   598.15
  219.19,   848.31,   346.72
  223.48,   850.60,   472.58
  226.90,   852.66,   597.59
  348.72,   601.21,   346.24
  351.66,   602.76,   471.19
  355.39,   604.26,   596.54
  345.82,   726.39,   346.03
  348.85,   729.19,   471.00
  352.80,   730.06,   595.03
  343.03,   851.17,   344.45
  346.79,   853.47,   469.29
  350.42,   855.06,   593.07
  473.68,   604.28,   342.58
  476.88,   605.77,   467.93
  480.47,   606.83,   592.97
  470.16,   729.77,   342.47
  472.65,   732.11,   466.93
  476.32,   732.97,   591.30
  467.45,   854.07,   341.70
  470.56,   856.21,   465.64
  474.25,   857.35,   589.30
  225.86,   599.94,   475.85
  222.63,   602.50,   600.63
  219.21,   605.07,   724.77
  223.69,   725.92,   474.80
  221.08,   728.10,   598.48
  217.07,   730.19,   721.48
  220.67,   850.78,   472.30
  217.94,   853.59,   597.18
  214.23,   855.77,   721.44
  349.95,   603.93,   478.59
  346.92,   605.79,   603.72
  344.42,   607.38,   728.45
  346.69,   730.20,   477.58
  343.82,   731.76,   601.56
  341.36,   732.01,   724.95
  344.04,   854.86,   475.65
  341.24,   856.34,   599.46
  338.41,   857.30,   723.38
  474.80,   607.36,   481.55
  472.21,   608.80,   606.82
  469.71,   609.80,   732.21
  470.26,   733.59,   480.05
  467.53,   734.86,   604.40
  465.61,   734.61,   728.59
  467.75,   857.56,   478.09
  465.11,   859.50,   602.02
  462.10,   860.44,   725.96
  224.35,   601.64,   599.31
  221.81,   601.15,   723.77
  219.27,   600.58,   848.70
  225.96,   727.43,   600.23
  223.13,   726.76,   722.94
  219.84,   725.84,   847.72
  225.55,   852.68,   601.59
  223.26,   852.02,   725.76
  220.31,   850.21,   849.98
  348.77,   601.52,   601.66
  347.23,   600.79,   726.97
  345.10,   599.56,   851.18
  348.98,   727.74,   602.39
  347.20,   725.50,   726.11
  344.71,   724.00,   850.47
  349.19,   852.41,   602.89
  347.05,   850.74,   726.60
  344.22,   849.16,   851.57
  474.12,   601.71,   604.23
  472.43,   600.16,   729.63
  470.87,   599.53,   853.71
  472.68,   727.61,   604.29
  471.55,   724.77,   728.96
  469.41,   723.41,   853.35
  472.93,   852.52,   604.76
  471.15,   850.72,   728.61
  468.38,   849.81,   853.92
  349.06,   100.32,    99.20
  347.74,   100.34,   224.34
  346.04,   101.43,   349.28
  350.48,   225.10,    98.75
  348.81,   225.12,   224.24
  347.27,   225.89,   349.01
  352.54,   350.59,    98.92
  350.74,   350.90,   223.92
  348.96,   350.45,   348.59
  473.55,    98.98,   100.95
  472.14,    98.94,   226.48
  470.65,    99.89,   351.12
  475.43,   223.70,   100.70
  473.95,   223.97,   225.90
  471.97,   224.51,   351.03
  477.71,   348.74,   100.41
  476.09,   349.20,   225.37
  474.13,   348.98,   349.98
  597.99,    97.77,   102.53
  596.94,    97.72,   227.62
  596.09,    98.20,   352.35
  600.16,   222.80,   102.16
  599.01,   222.77,   227.24
  597.27,   222.71,   352.39
  602.44,   347.37,   102.14
  600.68,   347.88,   226.64
  599.27,   347.58,   351.61
  350.02,   101.06,   227.10
  352.18,   104.72,   352.30
  354.65,   108.15,   476.65
  352.52,   225.93,   224.14
  354.77,   229.36,   348.75
  356.92,   232.70,   473.44
  355.40,   351.12,   221.03
  357.68,   353.78,   345.22
  359.88,   356.70,   469.97
  474.65,    98.40,   225.03
  477.07,   102.01,   349.65
  479.13,   105.55,   474.22
  477.73,   223.00,   221.82
  479.42,   226.76,   346.71
  481.08,   229.89,   471.23
  480.78,   348.36,   218.21
  482.65,   351.01,   342.82
  484.70,   353.81,   467.76
  599.24,    95.96,   222.56
  602.36,    99.08,   347.40
  604.91,   102.35,   472.37
  602.91,   220.78,   219.23
  604.84,   223.72,   344.24
  606.60,   226.89,   469.34
  605.81,   346.17,   215.58
  608.11,   348.34,   340.68
  610.34,   351.21,   465.95
  348.49,    99.20,   349.59
  349.33,    97.52,   474.19
  350.18,    95.09,   598.57
  345.63,   223.70,   351.25
  346.40,   222.28,   475.82
  346.95,   220.45,   600.55
  342.59,   348.23,   352.79
  343.37,   345.95,   477.27
  343.92,   344.18,   602.96
  473.58,   102.25,   348.32
  474.23,   100.68,   472.97
  474.79,    98.39,   597.74
  469.96,   226.97,   350.48
  470.33,   225.12,   474.96
  470.75,   223.30,   599.77
  467.60,   351.32,   351.70
  468.14,   348.93,   476.71
  468.99,   347.10,   602.11
  598.50,   105.09,   347.59
  600.01,   103.39,   472.47
  600.39,   101.29,   597.42
  595.29,   229.64,   349.59
  595.93,   227.83,   474.46
  596.68,   225.95,   599.11
  592.74,   354.61,   351.08
  593.83,   351.94,   476.48
  594.74,   350.02,   601.99
  348.54,    99.52,   473.97
  346.33,    97.29,   598.75
  343.99,    94.83,   723.41
  344.88,   224.28,   475.89
  342.68,   222.58,   600.49
  340.23,   219.72,   724.93
  341.72,   348.13,   477.22
  339.27,   346.40,   602.57
  337.05,   345.10,   728.00
  473.17,   102.91,   476.01
  470.63,   100.84,   600.54
  468.11,    98.15,   725.79
  468.59,   227.93,   478.11
  466.33,   225.56,   602.62
  464.36,   222.99,   727.04
  466.22,   351.55,   479.58
  464.11,   349.47,   604.92
  461.85,   347.82,   730.23
  598.68,   106.30,   478.37
  596.25,   104.36,   603.13
  593.33,   102.10,   728.82
  594.20,   230.75,   480.25
  591.99,   228.95,   605.18
  590.61,   226.83,   730.21
  591.78,   354.74,   482.16
  589.66,   352.92,   607.52
  588.42,   351.54,   732.78
  347.78,   102.03,   598.20
  346.49,   100.68,   722.99
  345.29,    99.23,   847.89
  344.48,   227.18,   599.01
  342.93,   225.76,   723.49
  341.56,   224.52,   848.46
  341.55,   351.00,   600.17
  339.90,   350.93,   725.49
  338.27,   349.97,   850.46
  472.37,   105.49,   599.44
  470.62,   103.92,   724.62
  470.09,   102.45,   849.73
  468.34,   230.15,   600.49
  467.12,   228.35,   724.73
  466.57,   226.70,   849.68
  466.05,   353.95,   601.65
  465.03,   353.28,   727.20
  464.18,   352.38,   851.66
  598.00,   108.64,   601.32
  595.89,   107.29,   726.92
  595.07,   106.44,   851.49
  594.23,   233.36,   602.08
  593.39,   232.20,   727.28
  592.76,   231.21,   852.02
  592.05,   357.20,   603.54
  591.43,   356.90,   728.74
  590.15,   356.77,   853.46
  348.80,   226.57,   100.26
  345.24,   224.56,   225.48
  341.89,   223.13,   350.25
  352.28,   352.02,   102.40
  348.59,   350.01,   227.38
  345.37,   347.63,   351.86
  356.29,   477.01,   104.67
  352.27,   475.10,   229.16
  348.48,   472.35,   353.38
  473.40,   223.13,   103.76
  470.21,   221.16,   229.06
  466.30,   219.80,   354.02
  477.55,   348.33,   105.92
  474.11,   346.34,   230.61
  470.14,   344.13,   355.34
  481.41,   473.07,   107.92
  477.60,   471.67,   232.09
  473.94,   469.25,   356.85
  598.16,   220.28,   106.92
  595.28,   218.08,   232.36
  591.54,   216.15,   357.04
  602.30,   344.98,   108.79
  599.03,   343.44,   233.37
  595.15,   340.86,   358.76
  605.73,   469.72,   111.21
  602.09,   468.33,   235.30
  598.97,   465.92,   360.58
  351.62,   225.31,   225.51
  349.01,   226.13,   350.37
  346.59,   226.95,   474.99
  349.22,   350.91,   224.90
  346.58,   350.87,   349.22
  344.09,   350.66,   473.78
  346.81,   475.99,   224.42
  344.03,   475.54,   348.76
  341.59,   475.52,   473.49
  476.44,   227.94,   227.70
  473.43,   228.61,   352.76
  470.51,   229.46,   477.41
  474.26,   353.26,   226.88
  471.63,   353.40,   351.44
  468.88,   353.27,   476.66
  472.28,   478.59,   226.34
  469.44,   478.44,   350.81
  467.10,   478.15,   476.35
  601.83,   230.67,   229.66
  599.07,   231.05,   354.83
  596.26,   231.27,   479.57
  599.22,   355.81,   228.74
  597.19,   355.70,   353.95
  594.40,   355.64,   479.41
  596.88,   480.95,   228.28
  594.62,   480.78,   353.26
  592.57,   480.57,   479.26
  351.61,   225.72,   351.05
  354.16,   229.31,   475.64
  356.69,   232.18,   599.94
  354.22,   350.22,   347.39
  356.74,   353.08,   472.04
  359.24,   356.49,   597.30
  356.82,   475.34,   343.79
  359.16,   478.06,   469.07
  361.72,   480.99,   594.57
  476.19,   223.08,   348.47
  478.04,   226.72,   472.99
  480.28,   229.68,   597.47
  479.24,   347.77,   344.71
  481.42,   350.39,   469.51
  484.39,   353.37,   595.00
  482.29,   472.75,   341.00
  484.69,   475.24,   466.32
  487.52,   478.32,   592.22
  601.45,   220.48,   345.50
  603.56,   223.86,   470.15
  606.43,   226.99,   595.06
  604.44,   345.22,   341.80
  607.18,   347.83,   467.43
  610.06,   350.97,   592.74
  607.29,   470.40,   338.58
  610.43,   472.70,   464.44
  613.39,   475.48,   589.96
  350.74,   225.87,   476.18
  349.12,   224.33,   600.98
  347.47,   222.44,   725.36
  348.68,   349.78,   477.08
  346.89,   348.55,   602.66
  345.37,   347.61,   727.90
  346.30,   474.31,   478.34
  345.05,   473.17,   604.21
  343.49,   473.01,   730.22
  474.82,   227.72,   477.79
  472.88,   226.37,   602.38
  471.98,   224.12,   726.92
  473.73,   351.49,   478.62
  472.09,   350.25,   604.16
  470.72,   349.16,   729.45
  471.88,   476.68,   480.11
  470.73,   475.21,   606.17
  469.72,   474.33,   731.88
  600.32,   229.56,   479.24
  598.72,   228.49,   604.25
  598.20,   227.12,   729.05
  599.06,   353.59,   480.55
  597.95,   352.24,   606.03
  597.28,   351.74,   731.25
  597.68,   478.36,   481.95
  596.46,   476.96,   607.60
  595.28,   476.32,   732.94
  348.50,   226.76,   600.52
  351.82,   222.92,   724.78
  355.73,   218.62,   849.43
  349.57,   350.81,   603.87
  353.36,   347.74,   729.44
  356.94,   344.59,   854.48
  350.88,   475.91,   607.79
  354.43,   472.89,   733.64
  358.52,   469.76,   858.38
  472.51,   225.56,   596.82
  476.18,   221.53,   721.08
  480.85,   217.06,   845.68
  474.40,   349.80,   600.45
  478.61,   346.32,   725.84
  482.41,   342.70,   850.59
  476.63,   474.59,   604.72
  480.34,   471.48,   730.27
  484.80,   468.51,   854.55
  598.32,   224.64,   593.33
  602.40,   221.10,   718.47
  606.99,   217.57,   842.98
  600.58,   348.62,   597.65
  604.92,   346.02,   722.68
  608.69,   342.97,   847.00
  602.40,   473.53,   601.28
  606.28,   470.55,   726.62
  610.21,   468.16,   850.86
  348.81,   350.21,   101.72
  348.09,   346.37,   226.77
  347.31,   342.14,   351.11
  345.49,   475.50,   105.52
  344.67,   471.50,   230.14
  343.72,   467.02,   354.49
  342.07,   599.80,   109.23
  340.96,   596.11,   233.90
  340.05,   592.55,   358.92
  474.08,   353.36,   102.45
  473.17,   349.89,   227.09
  472.34,   345.90,   351.64
  470.92,   478.23,   106.40
  470.07,   474.81,   230.62
  469.25,   470.81,   355.22
  467.31,   603.15,   109.94
  466.24,   599.68,   234.84
  465.16,   596.09,   359.36
  598.60,   356.98,   102.91
  598.20,   353.72,   227.47
  597.36,   349.12,   352.66
  595.60,   481.68,   106.73
  594.57,   478.64,   230.73
  594.16,   474.14,   356.00
  591.75,   606.92,   110.48
  591.18,   603.26,   235.05
  590.25,   599.67,   360.08
  348.51,   351.10,   226.92
  350.37,   353.03,   351.32
  352.47,   355.48,   476.10
  352.12,   476.02,   224.36
  353.76,   477.96,   348.38
  355.30,   480.25,   473.54
  355.21,   600.47,   221.61
  356.55,   603.34,   346.46
  358.33,   605.98,   471.62
  473.71,   347.63,   224.79
  475.49,   350.00,   349.32
  477.25,   352.04,   474.23
  477.31,   472.59,   221.65
  479.32,   474.89,   346.52
  481.13,   476.70,   471.67
  480.69,   597.49,   219.62
  482.12,   600.20,   344.58
  483.65,   603.05,   469.37
  598.81,   344.55,   222.19
  600.67,   346.63,   347.51
  602.74,   348.60,   472.68
  601.82,   469.67,   219.48
  604.27,   471.73,   344.37
  606.65,   473.55,   470.29
  605.02,   594.47,   217.10
  607.18,   597.03,   342.17
  609.43,   599.10,   467.73
  349.23,   350.53,   348.95
  352.63,   353.22,   473.60
  356.03,   356.73,   598.98
  349.98,   475.42,   345.54
  353.55,   478.15,   470.47
  357.03,   481.45,   596.33
  350.71,   600.61,   342.89
  354.11,   604.26,   467.86
  357.73,   607.44,   592.92
  474.35,   349.72,   345.37
  477.57,   352.37,   470.39
  481.04,   355.66,   595.68
  475.48,   474.75,   341.97
  479.04,   477.19,   467.27
  482.79,   480.35,   592.85
  475.97,   599.85,   339.18
  479.23,   603.50,   464.39
  482.96,   606.20,   589.46
  599.77,   348.81,   342.05
  603.40,   351.54,   467.43
  607.21,   354.74,   592.92
  600.51,   473.93,   338.48
  604.80,   476.42,   464.02
  608.65,   479.28,   589.73
  600.97,   599.04,   335.44
  605.07,   602.01,   460.68
  608.63,   604.77,   586.16
  351.14,   350.18,   472.57
  347.86,   351.88,   598.20
  344.78,   354.00,   723.40
  348.45,   475.04,   470.81
  345.47,   476.67,   596.80
  342.70,   479.36,   722.51
  345.95,   600.75,   470.15
  342.93,   602.59,   595.03
  340.43,   603.95,   720.16
  475.98,   352.79,   475.67
  472.79,   354.27,   601.17
  470.36,   355.84,   726.31
  474.12,   477.39,   473.87
  471.20,   479.03,   600.03
  468.63,   481.03,   725.87
  470.99,   603.86,   472.84
  468.26,   604.97,   598.27
  466.01,   605.98,   723.32
  601.47,   354.89,   479.24
  598.89,   356.45,   604.41
  596.49,   358.65,   729.51
  599.48,   480.03,   477.51
  596.80,   481.27,   603.14
  594.29,   483.53,   728.32
  596.62,   605.77,   475.84
  593.74,   606.81,   601.08
  591.14,   608.42,   726.37
  349.59,   349.97,   598.53
  349.30,   353.63,   724.19
  349.31,   356.50,   849.39
  352.22,   474.59,   596.19
  352.23,   478.65,   721.93
  352.20,   482.05,   846.72
  355.07,   600.27,   593.28
  355.49,   603.25,   718.05
  354.99,   606.23,   842.53
  474.43,   346.91,   599.15
  474.45,   350.05,   724.54
  474.98,   353.25,   849.44
  477.89,   471.75,   596.50
  478.12,   475.25,   722.27
  478.30,   478.92,   846.96
  480.37,   597.63,   593.57
  480.54,   600.17,   718.81
  480.76,   603.29,   843.26
  600.39,   344.44,   600.14
  600.87,   347.93,   725.14
  601.11,   351.38,   849.84
  603.95,   468.98,   597.16
  604.06,   472.69,   722.51
  604.13,   476.64,   846.92
  605.98,   594.17,   593.93
  606.10,   597.42,   718.99
  605.83,   600.79,   843.36
  351.44,   474.60,    99.24
  349.15,   473.52,   224.11
  346.77,   471.24,   348.42
  348.69,   599.44,   100.75
  346.23,   597.89,   225.60
  343.43,   596.45,   350.22
  345.22,   723.73,   101.76
  342.93,   721.91,   226.58
  340.41,   721.97,   352.41
  476.52,   476.96,   101.49
  474.52,   476.19,   225.76
  472.19,   474.35,   350.23
  473.58,   602.06,   102.70
  471.38,   601.11,   227.36
  468.67,   599.93,   352.11
  469.94,   727.00,   103.96
  468.03,   725.26,   229.66
  465.00,   725.74,   354.95
  601.55,   479.95,   102.90
  599.20,   479.46,   227.13
  597.50,   477.54,   352.25
  597.83,   605.57,   104.24
  596.24,   604.22,   229.02
  594.09,   602.84,   354.22
  594.16,   730.93,   105.59
  592.88,   728.65,   231.30
  590.31,   728.33,   356.30
  351.17,   473.94,   223.78
  348.60,   470.26,   347.93
  346.35,   466.94,   472.92
  351.74,   598.50,   226.74
  349.36,   595.66,   351.37
  347.00,   593.04,   476.38
  352.71,   722.67,   229.66
  349.89,   721.22,   355.17
  347.82,   719.45,   480.37
  476.18,   472.94,   225.09
  473.87,   469.64,   349.76
  471.65,   466.30,   475.27
  477.12,   597.65,   228.51
  474.70,   595.30,   353.28
  472.32,   592.34,   478.36
  477.83,   722.06,   232.74
  474.54,   720.94,   357.28
  471.82,   718.87,   482.02
  600.93,   472.30,   226.80
  599.11,   468.73,   352.13
  597.46,   465.03,   477.56
  601.97,   596.85,   229.92
  599.92,   593.85,   355.39
  598.03,   590.71,   480.55
  602.43,   721.62,   233.74
  599.93,   719.35,   358.90
  597.65,   716.91,   483.27
  351.23,   475.81,   349.79
  353.08,   477.49,   475.01
  355.70,   480.16,   600.61
  352.78,   601.42,   348.70
  354.94,   603.51,   473.68
  357.60,   606.00,   598.71
  354.63,   726.83,   347.35
  356.77,   729.97,   472.27
  359.59,   731.64,   596.20
  476.58,   474.20,   347.39
  478.88,   475.51,   472.76
  481.34,   477.74,   598.57
  478.41,   599.69,   345.85
  480.34,   601.68,   471.20
  482.88,   603.52,   596.49
  479.34,   725.20,   344.99
  480.83,   728.02,   469.66
  483.71,   729.81,   593.72
  601.83,   471.87,   345.31
  604.41,   473.44,   470.89
  606.93,   475.22,   596.76
  603.65,   597.31,   343.28
  605.98,   599.23,   468.67
  608.88,   600.87,   594.23
  605.18,   722.47,   342.16
  607.23,   724.98,   466.49
  609.66,   726.97,   591.38
  347.67,   474.31,   472.89
  349.90,   473.36,   598.49
  352.82,   473.00,   724.33
  350.29,   600.49,   474.76
  352.87,   599.04,   600.08
  356.06,   597.62,   724.87
  353.20,   727.01,   476.84
  356.13,   725.13,   601.08
  359.05,   722.29,   724.69
  472.97,   471.72,   470.68
  475.47,   470.07,   596.28
  478.34,   469.32,   722.18
  475.61,   597.59,   472.03
  478.27,   596.13,   597.79
  481.10,   594.22,   723.00
  476.91,   724.07,   474.14
  480.03,   722.16,   598.51
  483.27,   719.13,   722.88
  598.70,   468.43,   468.54
  601.32,   467.03,   594.24
  604.29,   466.42,   719.75
  601.36,   594.33,   470.03
  604.21,   592.76,   595.41
  606.67,   591.25,   720.58
  602.93,   720.43,   471.17
  605.66,   718.49,   595.61
  608.62,   716.59,   720.55
  350.77,   473.49,   600.48
  347.56,   472.58,   726.58
  344.50,   470.84,   851.41
  353.58,   599.32,   602.80
  350.56,   597.31,   728.03
  347.28,   595.09,   852.07
  355.99,   725.23,   604.70
  353.46,   722.05,   728.25
  349.88,   719.36,   852.35
  476.33,   470.40,   604.11
  473.62,   469.08,   729.96
  470.55,   467.61,   854.55
  478.62,   596.29,   606.05
  476.10,   593.90,   731.69
  473.04,   592.10,   855.83
  479.96,   722.60,   607.82
  477.82,   718.56,   732.16
  474.33,   715.97,   856.31
  602.20,   467.95,   607.95
  599.27,   466.46,   733.07
  596.41,   465.64,   857.61
  604.32,   593.07,   609.56
  601.24,   591.14,   734.65
  598.01,   589.63,   858.84
  605.90,   719.12,   610.94
  602.97,   716.20,   735.48
  599.33,   713.98,   860.12
  350.66,   600.07,    99.06
  346.49,   602.74,   223.88
  342.42,   606.09,   349.06
  351.91,   724.57,    96.04
  348.13,   727.13,   220.97
  343.86,   731.30,   346.88
  353.28,   849.48,    93.26
  349.65,   852.16,   218.07
  345.69,   855.88,   343.63
  475.57,   598.44,   102.70
  471.82,   601.53,   227.61
  467.74,   605.03,   352.31
  476.34,   723.67,    99.79
  472.98,   725.80,   225.58
  468.52,   730.62,   350.57
  477.42,   848.83,    96.44
  474.38,   851.09,   222.78
  470.22,   854.84,   347.74
  600.23,   597.17,   106.13
  596.79,   600.45,   230.53
  592.93,   603.17,   355.55
  600.99,   722.64,   103.30
  597.84,   725.07,   228.51
  593.91,   728.79,   353.54
  602.18,   847.92,   100.09
  599.26,   849.91,   226.18
  595.38,   853.03,   350.73
  351.78,   600.78,   223.96
  352.42,   597.89,   348.63
  353.40,   595.36,   473.70
  354.51,   724.82,   226.72
  354.99,   723.72,   352.33
  356.15,   721.83,   477.47
  357.43,   849.98,   229.81
  358.67,   848.12,   355.32
  359.77,   846.32,   479.98
  477.21,   598.00,   222.59
  477.55,   595.23,   347.22
  478.71,   592.51,   472.36
  479.67,   722.28,   226.25
  480.00,   720.70,   351.47
  480.17,   718.88,   475.62
  482.29,   847.04,   229.52
  482.70,   845.42,   354.65
  483.51,   843.55,   478.37
  601.87,   595.02,   220.53
  602.99,   592.34,   345.75
  604.54,   588.96,   471.08
  604.38,   719.75,   224.30
  605.55,   717.23,   349.22
  606.59,   714.97,   473.78
  607.50,   844.57,   227.74
  608.22,   842.10,   352.65
  608.84,   839.83,   476.59
  351.29,   600.01,   349.11
  352.66,   598.32,   474.37
  354.31,   596.33,   599.38
  353.43,   725.36,   351.87
  354.56,   724.57,   476.96
  356.83,   722.57,   600.80
  356.24,   850.36,   353.76
  357.49,   849.35,   478.66
  359.58,   847.27,   602.36
  476.68,   598.03,   347.56
  477.61,   596.09,   472.69
  479.39,   593.76,   597.90
  478.09,   723.40,   350.44
  478.94,   722.74,   474.80
  480.49,   719.84,   599.24
  480.56,   847.89,   352.59
  481.41,   847.00,   476.88
  482.87,   844.87,   600.45
  601.86,   595.40,   345.57
  603.61,   593.08,   471.19
  605.19,   590.93,   596.37
  603.63,   720.87,   348.08
  604.82,   719.16,   472.93
  606.42,   717.01,   597.44
  605.74,   845.17,   350.55
  606.75,   844.08,   475.00
  608.28,   842.39,   599.18
  348.50,   602.10,   474.73
  350.82,   600.45,   599.84
  353.29,   598.18,   724.73
  349.64,   728.78,   477.54
  352.51,   726.33,   601.32
  354.65,   723.26,   725.01
  351.67,   853.42,   479.08
  353.86,   851.45,   602.95
  356.28,   848.33,   726.54
  473.88,   601.25,   472.50
  476.16,   598.90,   598.03
  478.85,   596.53,   723.12
  473.60,   727.58,   475.19
  476.29,   724.89,   599.38
  479.14,   721.26,   723.82
  475.60,   851.78,   476.70
  477.76,   849.82,   600.53
  479.96,   847.19,   724.62
  599.75,   599.54,   470.40
  602.05,   597.33,   596.13
  604.21,   595.12,   721.15
  599.95,   725.54,   472.23
  601.84,   723.40,   596.95
  604.39,   720.55,   721.91
  600.88,   850.14,   474.54
  602.78,   848.52,   598.66
  604.98,   846.82,   723.08
  349.61,   601.83,   601.09
  348.41,   600.32,   725.98
  346.37,   599.29,   850.62
  350.86,   727.76,   601.80
  349.17,   725.13,   725.38
  347.28,   723.40,   849.85
  351.98,   852.76,   602.37
  350.05,   850.68,   726.21
  347.66,   849.05,   851.13
  474.73,   600.70,   602.95
  473.87,   599.03,   728.27
  472.52,   598.08,   852.60
  474.54,   726.82,   603.60
  473.53,   723.75,   727.92
  471.75,   721.83,   852.54
  475.53,   851.39,   603.88
  474.09,   849.72,   728.05
  471.86,   848.36,   853.23
  600.80,   599.52,   604.85
  598.98,   598.19,   730.09
  597.25,   597.39,   854.58
  600.46,   725.29,   605.28
  598.84,   723.22,   730.18
  596.90,   721.94,   854.59
  600.86,   850.67,   605.86
  599.03,   849.76,   730.31
  597.55,   848.72,   855.48
  473.84,   100.41,   101.54
  476.39,   101.41,   227.08
  479.44,   102.23,   351.58
  471.94,   225.61,   100.81
  474.73,   225.83,   226.36
  477.04,   226.87,   351.32
  470.74,   350.43,   100.48
  473.29,   351.26,   225.17
  475.37,   351.65,   349.99
  598.14,   103.25,    98.77
  601.34,   103.22,   223.94
  604.52,   104.42,   348.64
  596.56,   228.23,    98.06
  600.05,   228.64,   223.09
  602.45,   229.04,   348.29
  595.41,   352.42,    97.69
  598.07,   353.67,   222.13
  600.70,   353.88,   347.05
  723.28,   105.20,    95.80
  726.29,   105.51,   220.30
  730.41,   105.75,   345.79
  721.55,   230.46,    95.60
  725.15,   230.75,   219.86
  728.30,   230.73,   344.65
  720.03,   354.91,    94.78
  722.76,   356.27,   218.76
  725.86,   355.89,   344.41
  475.27,    98.92,   227.79
  473.74,   101.77,   352.35
  471.77,   103.71,   476.99
  477.97,   223.56,   225.78
  475.53,   225.99,   350.47
  473.27,   228.71,   475.13
  480.79,   349.25,   222.84
  478.44,   350.59,   347.73
  476.40,   352.31,   472.66
  600.26,    96.97,   228.99
  599.00,    99.26,   354.13
  597.60,   101.40,   478.88
  603.25,   222.17,   227.07
  601.10,   223.63,   352.06
  598.92,   226.13,   476.74
  605.63,   347.06,   224.30
  603.97,   348.52,   349.63
  602.01,   349.91,   475.13
  725.13,    94.59,   230.09
  724.67,    96.77,   355.75
  723.38,    98.85,   481.04
  728.08,   220.20,   228.23
  727.27,   221.38,   353.03
  725.70,   223.21,   478.60
  730.41,   345.23,   225.72
  729.23,   346.43,   351.41
  728.12,   348.09,   477.28
  473.88,   100.22,   351.70
  470.88,    97.78,   476.19
  467.47,    94.70,   601.24
  472.76,   224.92,   354.89
  469.01,   222.58,   479.30
  465.52,   219.61,   603.65
  472.54,   349.63,   357.03
  469.25,   346.33,   481.74
  466.04,   343.47,   607.34
  599.26,   100.88,   354.90
  596.64,    98.49,   479.53
  592.98,    95.38,   604.40
  598.41,   225.50,   357.76
  594.62,   222.80,   482.50
  591.65,   220.25,   607.06
  598.17,   350.38,   359.76
  594.89,   346.76,   485.20
  592.15,   344.09,   610.87
  724.75,   101.22,   357.51
  722.63,    98.70,   482.95
  719.12,    96.43,   608.02
  724.09,   225.94,   360.09
  721.43,   222.97,   485.29
  718.57,   220.76,   610.74
  723.19,   350.75,   362.88
  720.88,   347.46,   488.63
  718.22,   345.37,   613.99
  474.57,    99.06,   473.98
  476.58,    97.86,   598.95
  478.48,    96.11,   724.02
  475.04,   223.97,   475.12
  477.16,   222.73,   599.92
  479.85,   220.85,   724.37
  477.61,   347.76,   475.92
  479.67,   346.81,   601.47
  482.46,   345.59,   726.44
  600.36,    97.44,   471.91
  602.09,    96.19,   596.92
  603.91,    94.90,   722.49
  600.61,   221.89,   472.98
  603.18,   220.90,   597.86
  606.15,   219.82,   722.75
  603.13,   346.09,   473.86
  605.74,   344.86,   599.46
  609.02,   344.70,   724.49
  726.35,    95.23,   470.04
  728.17,    94.82,   595.19
  729.50,    94.00,   720.13
  727.52,   219.78,   470.25
  730.19,   219.40,   595.94
  733.11,   219.70,   721.13
  729.09,   344.26,   472.06
  731.93,   343.84,   597.15
  734.94,   343.99,   722.01
  472.39,   101.08,   598.59
  474.29,    98.09,   723.85
  477.33,    94.98,   848.77
  475.26,   225.56,   601.04
  477.71,   222.55,   725.35
  481.05,   218.94,   850.23
  480.05,   349.75,   604.11
  482.69,   347.30,   729.06
  485.61,   344.90,   853.91
  598.10,    97.16,   596.63
  599.82,    94.65,   722.31
  602.17,    92.01,   846.92
  600.90,   222.14,   598.94
  604.03,   219.35,   723.86
  606.86,   216.86,   848.81
  606.02,   345.78,   601.93
  608.87,   344.32,   727.11
  611.67,   342.35,   851.60
  724.02,    93.64,   594.96
  725.40,    91.48,   719.64
  727.77,    88.48,   844.40
  728.08,   218.11,   596.93
  731.12,   216.95,   722.37
  733.58,   215.02,   846.90
  732.43,   342.61,   599.69
  734.87,   341.44,   724.70
  737.49,   339.65,   849.32
  473.66,   223.20,   100.63
  471.71,   222.19,   225.96
  469.46,   221.96,   350.92
  474.35,   348.29,   101.53
  472.10,   347.69,   226.30
  470.15,   346.54,   351.14
  474.48,   473.02,   102.58
  472.68,   472.94,   226.73
  470.48,   471.62,   351.64
  598.04,   223.71,   102.39
  597.19,   222.76,   227.64
  594.74,   221.63,   352.59
  599.00,   348.06,   103.05
  597.36,   347.88,   227.57
  595.28,   346.65,   352.76
  599.33,   473.17,   104.34
  597.44,   473.17,   228.09
  595.52,   471.48,   353.31
  723.21,   224.08,   104.30
  722.10,   222.93,   228.79
  720.68,   221.36,   353.68
  723.70,   348.67,   104.88
  721.98,   348.14,   229.05
  720.68,   346.48,   354.69
  723.55,   473.15,   105.63
  721.44,   473.27,   229.37
  720.67,   471.46,   355.60
  476.62,   224.85,   224.81
  478.41,   222.38,   349.66
  480.13,   220.08,   474.15
  476.10,   350.31,   227.03
  478.20,   346.95,   351.51
  480.05,   343.88,   476.45
  475.39,   475.23,   229.33
  477.21,   472.07,   354.26
  479.74,   468.81,   479.34
  601.83,   226.27,   221.78
  604.20,   223.47,   346.78
  606.12,   220.92,   471.66
  600.94,   351.78,   224.15
  603.29,   348.25,   349.26
  605.64,   345.17,   474.86
  599.90,   476.85,   226.58
  602.45,   473.28,   351.97
  605.47,   469.95,   477.64
  727.02,   227.91,   219.09
  730.13,   224.33,   343.71
  732.84,   221.56,   469.07
  725.71,   353.10,   221.22
  728.73,   349.48,   346.91
  731.69,   346.36,   472.54
  724.05,   478.03,   223.56
  727.51,   474.79,   349.75
  730.81,   471.10,   475.77
  475.26,   224.69,   351.64
  476.72,   225.32,   475.89
  478.34,   225.51,   600.47
  475.69,   349.11,   350.39
  477.32,   349.38,   475.31
  478.94,   349.58,   600.74
  475.37,   474.41,   349.60
  477.33,   474.07,   475.18
  479.16,   474.57,   600.72
  600.93,   225.05,   349.10
  602.39,   225.28,   473.90
  604.23,   226.09,   598.96
  600.77,   349.96,   348.27
  602.81,   349.71,   473.79
  605.18,   349.88,   599.37
  600.84,   474.80,   347.76
  603.15,   474.51,   473.39
  605.15,   474.88,   599.13
  726.96,   225.28,   346.31
  729.00,   225.39,   471.95
  731.17,   226.27,   597.53
  726.07,   350.29,   346.20
  728.58,   350.18,   471.93
  731.39,   350.64,   597.37
  725.38,   475.28,   346.14
  728.50,   475.01,   472.25
  730.77,   475.61,   597.37
  475.20,   225.14,   476.50
  471.82,   226.95,   600.67
  469.14,   227.94,   725.26
  473.24,   348.91,   474.14
  470.03,   350.79,   599.36
  467.49,   353.00,   724.94
  470.84,   473.82,   472.22
  467.97,   475.41,   597.75
  465.03,   478.15,   723.62
  601.16,   227.83,   479.43
  597.73,   229.67,   604.09
  595.73,   231.71,   729.07
  599.08,   351.69,   477.41
  595.96,   353.96,   603.09
  593.65,   356.36,   728.27
  596.57,   476.83,   475.53
  593.61,   478.46,   601.35
  590.83,   480.92,   726.67
  727.79,   230.20,   482.38
  724.91,   232.97,   607.61
  722.52,   235.97,   732.71
  724.88,   354.89,   480.85
  722.23,   357.28,   606.01
  719.82,   360.30,   730.87
  721.75,   479.85,   479.12
  719.50,   481.86,   604.39
  716.20,   484.37,   728.82
  472.87,   225.33,   598.14
  469.80,   221.77,   722.44
  467.27,   218.33,   847.29
  475.27,   349.05,   601.25
  472.07,   346.62,   726.81
  468.78,   344.19,   851.22
  476.75,   474.08,   604.73
  474.02,   471.77,   730.24
  470.67,   469.97,   854.52
  599.02,   224.35,   602.13
  596.09,   221.26,   726.86
  593.45,   218.64,   851.80
  601.00,   348.24,   605.23
  598.36,   346.34,   730.27
  594.82,   343.97,   854.88
  602.73,   472.72,   608.22
  599.75,   471.15,   733.62
  596.44,   469.44,   857.67
  726.06,   223.35,   605.82
  723.10,   221.98,   731.11
  719.86,   219.62,   855.66
  727.28,   347.59,   609.00
  724.48,   346.17,   733.62
  720.83,   344.23,   858.41
  728.59,   472.33,   611.91
  724.90,   470.29,   736.24
  721.06,   468.47,   860.79
  476.55,   347.90,   101.46
  474.06,   350.79,   226.27
  471.80,   352.49,   350.84
  477.57,   473.24,    99.43
  475.25,   475.84,   223.93
  472.52,   477.55,   348.53
  478.34,   598.34,    97.39
  475.74,   600.74,   222.16
  473.11,   603.26,   346.56
  601.51,   347.37,   103.58
  599.15,   350.38,   227.94
  596.74,   351.86,   353.28
  602.62,   472.37,   101.37
  599.94,   475.34,   225.65
  598.00,   477.21,   350.92
  602.79,   597.70,    99.18
  600.50,   600.15,   223.72
  598.41,   602.28,   348.77
  726.07,   347.33,   105.86
  724.09,   349.78,   229.82
  722.30,   351.18,   355.51
  726.85,   471.91,   103.47
  724.00,   474.91,   227.09
  722.71,   476.40,   353.36
  727.20,   597.12,   100.85
  724.82,   599.87,   225.09
  723.39,   601.36,   350.84
  474.97,   350.94,   223.98
  474.00,   348.88,   348.81
  472.49,   347.14,   473.56
  477.83,   475.96,   225.37
  476.47,   473.98,   349.83
  475.72,   471.81,   475.34
  480.03,   600.78,   227.58
  478.56,   599.43,   352.23
  477.57,   597.80,   477.03
  599.96,   348.57,   224.25
  598.97,   346.53,   349.29
  598.17,   344.23,   475.00
  602.24,   473.85,   225.62
  601.69,   471.43,   350.69
  601.42,   469.36,   476.80
  604.72,   598.67,   227.45
  604.14,   596.83,   352.79
  603.38,   594.82,   478.18
  724.60,   346.50,   224.66
  724.21,   343.97,   350.14
  724.23,   341.78,   476.04
  726.67,   471.60,   225.68
  726.66,   469.32,   351.93
  726.76,   467.01,   478.00
  729.01,   596.48,   227.33
  729.15,   594.04,   353.56
  729.09,   591.71,   479.60
  473.76,   350.41,   349.93
  475.18,   352.14,   474.99
  476.92,   354.33,   600.32
  476.59,   475.26,   347.17
  478.16,   477.11,   472.58
  480.17,   479.17,   598.49
  478.46,   601.06,   345.62
  480.11,   603.25,   470.79
  481.94,   605.24,   596.02
  598.97,   347.76,   348.12
  600.82,   349.85,   473.42
  602.88,   352.14,   598.87
  601.45,   472.86,   345.56
  603.78,   474.42,   471.19
  606.19,   476.79,   597.15
  603.81,   598.31,   343.63
  605.78,   600.43,   468.84
  608.06,   602.23,   594.44
  724.24,   345.31,   346.10
  726.66,   347.15,   471.99
  729.29,   349.77,   597.16
  726.41,   470.58,   343.77
  729.16,   471.96,   470.13
  731.83,   474.47,   595.04
  728.73,   595.63,   341.25
  731.56,   597.09,   467.35
  733.99,   599.50,   592.72
  475.95,   350.97,   474.12
  477.81,   353.59,   599.36
  480.29,   355.90,   724.77
  475.61,   476.00,   471.83
  477.66,   478.29,   597.45
  480.10,   481.16,   723.20
  474.40,   602.23,   469.86
  476.43,   604.39,   594.93
  479.10,   606.07,   720.33
  601.71,   351.96,   472.70
  603.76,   354.23,   598.25
  606.26,   357.47,   723.11
  601.30,   476.73,   470.32
  603.66,   478.87,   596.03
  606.09,   482.12,   721.16
  600.10,   602.31,   467.96
  602.13,   604.75,   593.01
  604.38,   606.78,   718.46
  727.44,   352.43,   470.67
  730.22,   355.39,   596.23
  732.36,   358.93,   720.99
  726.88,   477.50,   468.72
  729.21,   479.82,   594.25
  731.19,   483.31,   718.24
  725.96,   602.45,   466.04
  728.57,   605.01,   591.10
  729.56,   608.11,   715.83
  474.04,   349.48,   601.75
  470.93,   349.81,   726.97
  468.28,   350.20,   851.74
  473.77,   474.30,   601.71
  470.85,   475.25,   727.46
  468.04,   476.01,   851.84
  472.05,   600.10,   601.24
  469.47,   600.04,   726.70
  466.74,   600.70,   850.76
  600.12,   350.56,   605.36
  597.50,   351.47,   730.66
  594.22,   352.21,   855.10
  599.63,   475.29,   605.41
  596.72,   476.18,   730.78
  593.69,   477.64,   855.11
  597.91,   600.91,   604.46
  595.08,   600.86,   729.73
  591.75,   601.85,   854.04
  726.39,   352.16,   608.91
  723.65,   353.63,   733.87
  720.17,   354.57,   858.56
  725.30,   476.58,   608.90
  721.83,   477.85,   733.20
  718.27,   478.79,   857.72
  723.89,   601.95,   608.15
  720.13,   602.67,   732.35
  715.81,   603.57,   856.92
  474.10,   476.41,   101.37
  475.31,   475.00,   225.76
  476.06,   473.06,   350.28
  476.22,   601.50,   103.36
  477.29,   600.04,   228.13
  477.80,   598.55,   352.70
  477.65,   726.39,   104.97
  478.95,   724.10,   230.80
  478.90,   724.10,   355.79
  599.15,   474.05,   100.02
  600.01,   473.25,   223.98
  601.53,   470.80,   349.04
  600.69,   599.83,   101.77
  601.85,   597.98,   226.07
  603.10,   596.10,   351.12
  602.16,   725.04,   103.33
  603.77,   722.60,   228.81
  604.65,   721.62,   353.81
  723.42,   472.33,    98.11
  724.33,   471.37,   222.12
  726.37,   468.88,   348.24
  724.90,   597.86,    99.84
  725.93,   596.59,   223.86
  728.28,   593.72,   349.97
  726.77,   723.81,   101.39
  728.41,   721.13,   225.81
  730.48,   718.55,   351.24
  474.35,   473.36,   224.75
  471.42,   471.90,   349.36
  468.19,   470.30,   474.62
  475.83,   598.00,   226.19
  472.39,   597.32,   350.99
  469.26,   596.52,   476.09
  477.34,   722.37,   228.03
  473.28,   723.18,   353.19
  470.06,   723.05,   477.39
  598.87,   471.84,   226.61
  596.47,   470.02,   351.86
  593.96,   468.52,   477.91
  600.51,   596.61,   228.28
  598.01,   595.50,   353.27
  595.33,   594.40,   478.63
  602.24,   721.31,   230.15
  599.11,   721.08,   354.99
  595.81,   720.20,   479.91
  723.30,   470.35,   229.04
  721.27,   468.48,   355.24
  719.26,   466.92,   481.02
  724.89,   595.41,   229.92
  723.05,   593.36,   356.08
  721.19,   591.94,   481.82
  726.64,   719.92,   231.24
  725.07,   718.09,   356.64
  722.91,   716.81,   482.49
  473.53,   476.50,   350.86
  471.92,   476.33,   476.11
  470.29,   476.70,   602.02
  475.12,   602.26,   351.29
  473.20,   602.51,   476.03
  471.88,   602.33,   601.76
  475.84,   728.05,   352.27
  473.31,   729.00,   476.51
  472.44,   728.82,   600.61
  599.08,   474.95,   352.44
  597.79,   474.45,   478.01
  596.37,   474.69,   603.90
  600.16,   600.15,   352.37
  599.10,   600.30,   478.02
  597.63,   600.15,   603.42
  601.24,   725.75,   352.71
  599.63,   726.28,   477.47
  597.99,   726.32,   602.36
  723.52,   473.41,   354.15
  723.16,   472.82,   480.47
  722.15,   473.19,   605.70
  725.35,   598.06,   353.93
  724.70,   597.86,   479.83
  723.52,   598.36,   604.98
  727.20,   722.64,   353.30
  726.44,   723.08,   478.86
  725.21,   723.81,   603.90
  476.22,   472.67,   475.13
  477.23,   472.51,   601.15
  478.13,   473.13,   726.95
  476.51,   598.73,   475.62
  477.40,   598.29,   600.85
  478.78,   598.16,   726.35
  476.23,   725.17,   476.18
  477.02,   724.41,   600.49
  478.60,   722.90,   724.63
  602.26,   471.54,   474.87
  603.17,   471.70,   600.85
  603.98,   472.55,   726.26
  602.58,   597.50,   475.10
  603.45,   597.25,   600.43
  604.13,   597.24,   725.72
  602.00,   723.34,   474.93
  602.96,   723.30,   599.44
  604.11,   722.54,   724.32
  727.38,   471.08,   475.09
  728.71,   471.09,   600.18
  729.33,   471.71,   724.60
  728.47,   596.05,   474.43
  729.34,   596.05,   599.87
  729.31,   596.78,   724.30
  729.18,   721.01,   473.83
  730.14,   721.85,   599.04
  730.05,   722.72,   723.57
  473.48,   473.90,   600.63
  476.77,   473.99,   726.39
  480.17,   473.87,   850.98
  470.00,   599.71,   601.25
  473.80,   598.64,   726.31
  477.07,   598.42,   850.69
  466.35,   726.11,   601.27
  470.04,   723.61,   725.59
  473.31,   721.96,   850.06
  599.06,   476.77,   597.96
  602.39,   476.65,   723.32
  605.63,   476.97,   847.72
  595.87,   602.06,   598.19
  599.20,   601.30,   723.29
  602.10,   601.17,   847.73
  591.72,   728.17,   598.10
  595.29,   726.54,   723.00
  598.28,   725.77,   847.41
  724.94,   479.53,   595.15
  727.49,   479.86,   719.57
  730.17,   479.69,   844.01
  722.03,   604.85,   595.33
  724.25,   604.92,   719.87
  726.26,   604.66,   844.34
  719.02,   730.10,   595.17
  721.14,   730.60,   719.88
  723.29,   730.18,   844.43
  473.96,   599.85,   101.66
  476.79,   598.13,   226.77
  478.81,   597.05,   351.42
  471.48,   724.75,   103.27
  474.40,   722.65,   229.23
  475.81,   722.47,   354.38
  469.07,   850.03,   104.70
  472.07,   847.73,   231.34
  473.75,   846.96,   356.45
  598.50,   601.88,    98.80
  601.48,   600.47,   223.39
  604.28,   598.84,   348.56
  595.80,   727.69,   100.36
  599.29,   725.24,   226.16
  601.45,   724.14,   350.94
  593.56,   852.66,   102.43
  596.94,   850.17,   228.36
  599.24,   848.67,   352.96
  723.03,   604.21,    95.66
  725.37,   603.25,   219.34
  729.15,   600.75,   345.47
  720.61,   730.22,    97.30
  723.63,   727.50,   221.66
  727.38,   725.18,   346.96
  718.36,   855.31,    99.28
  721.78,   852.02,   223.96
  725.27,   849.65,   349.31
  474.22,   598.86,   226.57
  473.65,   598.56,   351.00
  473.23,   598.02,   476.28
  473.44,   723.43,   227.81
  472.38,   724.27,   352.94
  471.38,   724.64,   477.50
  472.64,   848.41,   228.78
  471.97,   849.02,   353.99
  471.48,   849.11,   477.91
  598.97,   599.41,   225.81
  598.99,   598.87,   351.07
  598.91,   598.08,   476.39
  598.28,   724.09,   227.31
  597.69,   724.04,   352.17
  597.59,   724.02,   476.80
  597.75,   848.98,   228.49
  597.29,   848.64,   353.34
  596.91,   848.79,   477.39
  722.90,   600.38,   224.57
  723.81,   598.69,   350.52
  725.10,   597.49,   476.65
  722.91,   724.84,   225.67
  723.79,   723.63,   351.20
  724.61,   722.89,   476.49
  722.81,   849.40,   226.72
  723.34,   848.27,   352.19
  723.72,   848.01,   477.12
  476.06,   601.65,   348.83
  473.58,   604.42,   474.00
  472.01,   606.81,   599.48
  478.16,   727.15,   347.62
  475.26,   730.90,   472.13
  473.57,   732.92,   596.09
  480.88,   851.78,   345.36
  478.48,   855.03,   469.30
  476.87,   857.28,   593.08
  601.32,   598.86,   350.55
  599.55,   601.13,   475.93
  597.71,   603.42,   601.44
  603.50,   724.10,   348.70
  601.25,   727.17,   473.60
  599.37,   729.42,   598.26
  606.13,   848.64,   346.73
  603.65,   851.44,   470.80
  602.01,   854.75,   595.17
  726.41,   595.56,   352.46
  725.38,   597.43,   478.53
  723.67,   600.45,   603.60
  729.50,   720.02,   349.53
  728.45,   722.70,   475.09
  726.53,   725.87,   600.43
  732.36,   844.78,   347.35
  730.61,   847.64,   472.59
  728.90,   851.26,   597.35
  474.60,   600.79,   476.28
  476.86,   604.19,   601.57
  479.26,   607.45,   726.99
  473.27,   727.39,   473.22
  475.13,   730.29,   597.41
  478.07,   732.39,   721.59
  473.15,   851.57,   469.67
  475.22,   855.19,   593.08
  477.64,   857.87,   717.30
  600.63,   600.72,   474.53
  602.88,   603.94,   599.90
  604.87,   607.55,   724.79
  598.99,   726.90,   470.91
  601.26,   730.02,   595.32
  603.18,   733.03,   720.05
  598.64,   851.02,   467.31
  600.50,   855.34,   591.34
  602.66,   859.57,   715.80
  726.71,   600.22,   472.82
  728.61,   604.10,   597.99
  729.82,   608.69,   722.24
  726.02,   725.46,   468.59
  728.07,   729.39,   593.72
  729.61,   734.37,   718.27
  725.34,   850.23,   464.89
  727.10,   855.19,   589.49
  729.19,   860.23,   714.16
  476.16,   600.81,   600.78
  474.85,   600.23,   726.17
  473.06,   600.29,   850.64
  471.55,   726.79,   600.27
  470.66,   724.72,   724.87
  468.49,   724.07,   849.15
  468.50,   851.61,   599.84
  466.73,   850.66,   723.91
  464.60,   850.38,   848.86
  601.74,   603.42,   602.84
  600.12,   603.24,   727.94
  598.04,   603.50,   852.43
  596.99,   729.46,   602.18
  595.69,   728.36,   727.07
  593.53,   728.03,   851.45
  593.62,   854.98,   601.82
  591.87,   854.87,   726.39
  590.27,   854.77,   851.37
  727.76,   606.90,   604.99
  725.23,   607.37,   729.50
  722.30,   607.40,   854.00
  724.41,   732.36,   604.48
  721.71,   733.12,   728.89
  718.84,   733.21,   853.48
  720.12,   858.02,   604.19
  718.12,   859.18,   728.68
  715.93,   858.86,   853.92
  599.15,   102.10,    99.12
  602.19,   100.47,   224.13
  606.17,    98.99,   349.32
  599.50,   227.35,   100.47
  603.35,   225.41,   225.82
  605.93,   223.70,   350.71
  600.27,   351.84,   102.33
  603.57,   350.80,   226.75
  606.52,   348.23,   352.14
  724.20,   102.49,    95.78
  727.61,   100.10,   220.55
  731.56,    98.67,   345.81
  724.49,   227.72,    97.69
  728.27,   225.88,   222.25
  731.82,   223.47,   347.02
  725.11,   352.08,    99.12
  728.26,   350.75,   223.53
  731.52,   348.64,   348.75
  850.04,   102.21,    93.44
  853.40,   100.06,   217.65
  856.40,    98.47,   342.89
  850.10,   227.08,    95.42
  853.55,   225.11,   219.67
  856.74,   223.20,   343.90
  850.00,   352.12,    96.18
  852.77,   350.62,   220.27
  856.49,   348.73,   345.78
  600.61,    99.65,   226.30
  598.16,   103.80,   351.05
  594.88,   107.73,   475.80
  602.28,   225.06,   222.18
  598.59,   228.26,   347.13
  594.59,   232.26,   472.08
  603.28,   349.93,   218.06
  599.74,   353.14,   343.15
  596.65,   356.42,   468.49
  725.66,    98.98,   228.74
  723.75,   102.57,   353.95
  720.85,   106.87,   479.51
  727.48,   224.29,   225.19
  724.73,   227.58,   350.10
  721.47,   231.13,   475.35
  727.79,   349.42,   220.74
  725.16,   352.72,   346.24
  722.41,   355.84,   472.26
  851.43,    98.13,   232.01
  848.57,   102.03,   357.23
  845.36,   106.06,   482.56
  852.48,   223.07,   228.98
  849.62,   226.63,   353.29
  846.52,   230.80,   478.06
  852.88,   348.64,   224.24
  849.73,   352.05,   349.78
  847.07,   355.57,   475.24
  598.33,   102.12,   348.90
  595.88,   104.14,   473.75
  592.37,   106.05,   598.71
  595.18,   226.56,   346.88
  591.61,   228.77,   471.93
  588.93,   230.87,   596.62
  592.66,   351.48,   344.38
  589.71,   352.80,   469.56
  586.85,   354.78,   595.30
  723.95,   104.57,   351.70
  721.66,   106.85,   477.15
  718.51,   109.37,   601.99
  721.25,   229.22,   349.23
  718.45,   231.34,   474.35
  715.98,   233.84,   599.73
  717.73,   354.21,   347.16
  715.55,   355.74,   472.76
  713.37,   358.08,   598.23
  848.60,   107.72,   353.86
  846.33,   110.18,   479.53
  843.89,   112.64,   604.73
  846.03,   232.17,   351.62
  843.70,   234.32,   476.68
  841.20,   237.04,   602.20
  842.57,   357.63,   349.66
  840.53,   359.26,   475.41
  838.19,   361.71,   600.58
  599.68,   100.99,   474.19
  601.28,   102.39,   599.22
  602.85,   103.76,   724.29
  599.85,   225.29,   472.73
  602.26,   227.32,   597.33
  604.99,   228.78,   722.38
  602.37,   349.75,   471.12
  604.96,   351.00,   596.52
  607.49,   353.45,   721.94
  725.60,    99.09,   472.48
  727.18,   101.07,   597.42
  729.05,   103.06,   722.45
  726.56,   223.34,   470.11
  729.05,   225.80,   595.69
  732.01,   228.38,   721.13
  728.21,   348.09,   469.20
  731.07,   349.94,   594.70
  733.67,   352.64,   719.51
  849.76,    97.75,   470.06
  852.13,    99.78,   594.95
  854.77,   101.57,   719.51
  851.88,   222.43,   467.50
  854.07,   224.25,   593.03
  856.77,   226.59,   719.06
  852.91,   347.04,   466.41
  855.53,   349.09,   591.57
  858.00,   350.86,   716.55
  599.76,   101.68,   599.98
  599.77,   104.37,   725.43
  601.22,   107.04,   849.98
  597.69,   226.12,   596.87
  599.47,   229.20,   721.92
  601.34,   231.74,   846.50
  597.98,   350.28,   594.77
  599.74,   353.72,   719.84
  601.04,   357.22,   844.56
  725.73,   102.74,   599.20
  726.01,   105.80,   724.42
  727.17,   108.58,   849.20
  725.02,   227.12,   596.47
  726.67,   231.23,   721.58
  727.80,   234.99,   846.25
  724.27,   351.34,   593.87
  725.74,   355.54,   718.66
  726.82,   359.29,   843.33
  850.56,   103.81,   598.07
  851.74,   107.10,   722.79
  852.67,   109.89,   848.11
  849.96,   228.38,   595.15
  851.48,   232.24,   720.88
  852.73,   235.24,   845.72
  849.08,   352.99,   592.25
  850.24,   356.49,   716.97
  851.04,   359.55,   841.75
  598.40,   224.50,    98.38
  595.77,   224.17,   223.62
  592.56,   223.43,   348.79
  601.03,   348.88,    99.01
  597.99,   349.13,   223.26
  594.95,   348.48,   348.23
  603.21,   473.90,    99.28
  599.79,   474.39,   223.52
  596.79,   473.52,   348.45
  723.27,   222.98,   101.75
  720.71,   222.55,   226.06
  718.45,   221.56,   351.00
  725.37,   347.43,   101.56
  722.66,   347.73,   226.02
  720.26,   346.40,   351.39
  727.08,   472.31,   102.00
  723.81,   472.90,   225.92
  721.88,   471.68,   351.71
  848.90,   220.57,   104.85
  846.41,   219.89,   229.48
  843.69,   219.65,   353.83
  850.43,   345.66,   104.25
  847.56,   345.54,   228.98
  845.10,   344.86,   354.24
  851.49,   470.51,   104.46
  848.41,   470.97,   228.45
  846.37,   470.03,   355.15
  601.24,   226.41,   226.90
  599.64,   223.23,   352.05
  597.91,   220.35,   476.86
  599.16,   351.80,   229.09
  597.71,   348.08,   354.51
  596.33,   344.46,   479.89
  596.67,   476.71,   231.99
  595.64,   472.94,   357.12
  594.73,   469.47,   483.17
  726.34,   229.31,   227.78
  725.83,   225.35,   352.39
  724.63,   222.54,   477.91
  723.78,   354.33,   230.25
  723.11,   350.56,   355.54
  722.33,   346.88,   481.53
  721.08,   479.35,   232.68
  720.42,   475.55,   358.89
  720.15,   471.92,   484.88
  851.56,   230.68,   229.22
  850.88,   227.79,   353.59
  849.93,   224.73,   478.47
  848.46,   356.37,   231.18
  848.05,   352.93,   356.86
  847.41,   349.73,   482.21
  845.34,   481.68,   233.84
  845.34,   478.23,   360.29
  845.03,   474.64,   486.12
  599.40,   225.38,   350.15
  602.05,   227.15,   474.90
  605.00,   228.85,   599.77
  597.54,   350.54,   348.14
  600.39,   351.28,   473.72
  603.77,   352.96,   599.02
  594.97,   475.59,   346.43
  598.61,   476.12,   472.26
  601.79,   477.69,   597.98
  725.37,   227.77,   346.56
  728.90,   229.22,   471.73
  732.23,   231.24,   597.31
  722.63,   353.00,   345.05
  726.45,   353.87,   470.92
  729.83,   355.69,   596.14
  720.00,   477.95,   343.62
  723.89,   478.64,   469.82
  727.54,   480.35,   595.17
  850.41,   230.45,   342.95
  853.60,   231.94,   467.83
  857.14,   233.96,   593.51
  847.51,   355.49,   341.90
  851.02,   356.85,   467.54
  854.62,   358.74,   592.54
  844.44,   480.69,   340.49
  848.51,   481.86,   466.75
  852.17,   483.48,   591.40
  597.12,   224.74,   475.83
  599.54,   221.98,   600.58
  602.46,   218.48,   725.56
  600.04,   348.99,   479.17
  602.49,   345.61,   604.65
  605.18,   343.20,   729.65
  602.31,   473.77,   482.40
  604.67,   470.53,   608.47
  607.13,   467.78,   733.49
  724.09,   222.63,   473.43
  726.55,   220.27,   599.06
  729.07,   218.13,   724.12
  725.81,   347.26,   477.30
  728.54,   344.59,   602.73
  731.19,   342.48,   727.28
  727.87,   472.25,   481.04
  730.51,   469.01,   605.88
  732.48,   466.63,   730.31
  848.96,   221.42,   470.45
  851.70,   218.69,   596.41
  854.18,   216.42,   722.31
  850.63,   346.05,   474.39
  853.37,   343.43,   599.79
  855.69,   340.36,   724.63
  852.60,   471.13,   478.55
  854.91,   468.00,   602.92
  857.07,   465.27,   726.45
  597.88,   227.01,   600.52
  601.84,   225.11,   725.30
  605.23,   223.55,   850.01
  596.45,   350.68,   602.85
  600.22,   349.87,   727.83
  603.55,   349.04,   852.53
  594.59,   475.47,   604.69
  598.10,   474.79,   729.95
  601.22,   474.25,   854.31
  725.10,   229.53,   597.99
  728.60,   229.36,   723.17
  732.05,   228.44,   847.93
  722.70,   353.72,   599.91
  726.44,   353.30,   724.72
  729.50,   352.72,   849.47
  720.20,   478.43,   601.72
  723.27,   477.84,   726.11
  725.70,   477.07,   850.66
  849.99,   232.14,   594.42
  853.30,   231.59,   720.32
  856.50,   230.11,   845.51
  847.64,   356.88,   596.48
  850.85,   355.72,   721.12
  853.52,   354.36,   845.83
  845.08,   481.48,   597.97
  847.88,   480.36,   721.56
  849.88,   478.83,   846.20
  600.49,   350.72,   101.37
  602.12,   351.05,   225.84
  603.34,   350.49,   351.00
  598.58,   475.58,   101.63
  599.78,   476.42,   225.57
  601.46,   475.61,   350.72
  596.19,   600.92,   101.41
  597.23,   601.23,   226.18
  598.87,   600.93,   351.29
  725.33,   353.11,    99.71
  726.58,   353.70,   223.92
  728.48,   353.16,   349.50
  722.90,   477.74,    99.77
  723.96,   478.77,   223.46
  726.01,   478.02,   349.70
  720.26,   603.19,    99.42
  721.50,   603.82,   223.59
  723.90,   603.12,   349.31
  850.10,   355.29,    98.03
  851.66,   355.37,   222.69
  853.58,   355.44,   348.15
  847.26,   480.23,    98.07
  848.43,   481.09,   222.05
  850.82,   480.44,   348.23
  844.81,   605.79,    97.78
  845.62,   606.28,   221.35
  848.48,   605.61,   347.97
  600.91,   348.54,   224.41
  603.53,   348.23,   349.69
  606.29,   347.75,   474.99
  599.88,   474.00,   224.02
  603.01,   473.19,   349.37
  606.45,   472.53,   475.12
  599.05,   598.62,   224.67
  602.22,   598.62,   349.76
  605.28,   598.44,   475.07
  725.37,   349.88,   221.14
  728.91,   349.08,   346.79
  732.49,   348.56,   472.37
  724.18,   475.04,   220.86
  727.93,   474.18,   347.03
  731.87,   473.55,   473.05
  723.21,   599.90,   220.64
  727.07,   599.23,   346.72
  730.82,   598.34,   472.73
  850.29,   349.97,   218.39
  853.64,   349.63,   343.75
  856.90,   349.64,   469.22
  848.80,   475.67,   217.60
  852.69,   475.04,   344.21
  856.22,   474.94,   469.87
  847.72,   600.79,   216.99
  851.64,   600.03,   343.62
  855.54,   599.62,   470.26
  601.49,   351.18,   349.09
  598.30,   351.63,   474.51
  595.48,   352.79,   599.93
  599.79,   476.33,   347.77
  596.84,   476.72,   473.52
  594.09,   477.64,   599.17
  597.14,   601.58,   347.03
  594.52,   602.71,   472.12
  591.28,   603.30,   597.60
  726.54,   353.16,   351.72
  724.09,   353.93,   477.94
  721.70,   355.36,   603.24
  724.56,   478.58,   350.79
  722.25,   478.68,   476.96
  719.66,   480.05,   602.25
  722.20,   603.45,   349.80
  720.38,   604.01,   475.56
  717.31,   604.93,   600.92
  851.29,   355.59,   355.15
  848.97,   356.26,   480.47
  846.45,   357.63,   605.74
  848.89,   480.75,   354.06
  846.82,   481.20,   480.09
  844.26,   482.51,   604.82
  847.32,   605.63,   352.86
  845.23,   606.31,   479.07
  842.45,   607.58,   603.63
  599.78,   347.59,   476.48
  602.45,   344.81,   601.76
  606.07,   342.83,   726.75
  599.95,   472.32,   479.30
  602.92,   469.50,   604.85
  606.03,   467.35,   730.09
  599.00,   598.33,   481.92
  601.64,   595.16,   607.29
  604.69,   592.11,   732.59
  725.62,   348.27,   473.94
  728.99,   345.59,   599.15
  732.00,   344.14,   724.17
  725.14,   473.13,   477.13
  728.64,   470.31,   602.10
  730.93,   468.49,   726.63
  724.87,   598.16,   479.78
  727.80,   595.44,   604.97
  729.94,   593.31,   729.36
  850.23,   349.30,   470.87
  853.50,   346.62,   596.01
  856.28,   344.57,   720.87
  850.05,   474.28,   474.24
  853.17,   471.63,   598.67
  855.72,   469.15,   722.26
  849.67,   599.05,   477.31
  852.39,   596.64,   601.82
  854.85,   594.60,   725.05
  598.83,   350.77,   600.46
  602.05,   351.59,   725.71
  604.93,   352.11,   850.03
  598.02,   475.68,   600.87
  600.92,   476.34,   725.92
  604.03,   477.16,   850.47
  596.18,   601.26,   600.57
  598.80,   601.09,   725.64
  601.30,   601.28,   850.04
  725.15,   352.46,   598.01
  727.99,   353.82,   722.71
  730.76,   354.51,   847.55
  723.71,   477.25,   598.46
  726.13,   478.07,   722.84
  728.19,   478.62,   847.11
  721.91,   602.25,   598.01
  723.91,   602.89,   722.49
  725.61,   603.56,   846.98
  850.10,   354.66,   594.75
  852.68,   355.20,   719.65
  855.10,   354.98,   844.32
  848.31,   479.23,   594.93
  850.80,   479.82,   718.70
  852.77,   479.44,   842.91
  846.74,   604.56,   595.08
  848.89,   605.54,   718.50
  850.76,   605.10,   842.59
  600.92,   474.62,    99.28
  597.21,   472.08,   222.96
  593.78,   468.19,   348.12
  601.11,   599.89,   102.61
  597.43,   597.06,   226.89
  593.87,   593.55,   352.05
  600.71,   725.51,   106.12
  597.95,   721.54,   231.35
  593.86,   718.99,   356.28
  724.95,   474.21,   102.08
  721.27,   471.73,   226.18
  718.65,   467.39,   352.12
  725.37,   599.60,   105.43
  721.52,   596.67,   229.44
  719.12,   592.36,   355.37
  725.34,   725.28,   108.62
  722.26,   721.21,   233.09
  719.73,   716.99,   358.65
  849.52,   473.46,   105.39
  845.70,   471.09,   229.24
  843.30,   467.23,   355.75
  849.53,   599.04,   108.34
  845.79,   596.03,   232.18
  844.04,   591.96,   358.97
  850.12,   724.87,   111.80
  846.89,   720.52,   235.68
  844.77,   716.18,   361.68
  601.34,   476.70,   222.64
  602.95,   478.24,   347.55
  604.29,   479.57,   473.50
  598.07,   601.66,   220.72
  599.39,   603.40,   345.84
  600.67,   605.61,   471.48
  594.79,   726.00,   219.90
  595.59,   728.95,   344.77
  596.17,   731.69,   469.20
  725.80,   480.25,   220.74
  727.51,   481.54,   346.53
  729.64,   482.96,   472.80
  722.17,   605.21,   218.65
  724.55,   606.35,   344.37
  726.45,   607.91,   470.20
  718.97,   729.64,   216.83
  721.27,   731.06,   342.28
  723.42,   732.79,   467.72
  850.02,   483.07,   219.09
  852.37,   485.01,   345.55
  854.36,   486.79,   471.55
  846.51,   608.26,   216.48
  849.03,   609.87,   343.03
  851.47,   611.30,   469.35
  843.62,   732.76,   214.65
  846.35,   733.96,   340.63
  848.50,   735.70,   466.69
  602.13,   474.26,   351.19
  603.79,   472.58,   476.93
  605.25,   471.35,   602.74
  598.90,   599.45,   352.21
  600.27,   598.17,   477.65
  601.71,   596.81,   603.36
  595.19,   724.64,   354.11
  596.39,   724.24,   478.87
  597.86,   722.86,   603.56
  726.82,   476.80,   350.29
  729.22,   475.31,   476.24
  730.75,   474.59,   601.58
  724.01,   601.78,   350.89
  726.09,   600.50,   477.01
  727.64,   599.62,   602.13
  721.45,   726.51,   351.50
  723.36,   725.46,   477.04
  724.94,   725.18,   602.13
  851.21,   480.04,   348.89
  853.76,   478.52,   475.08
  855.32,   478.01,   599.50
  848.55,   604.68,   349.54
  851.01,   603.59,   476.00
  852.46,   603.24,   600.28
  846.32,   728.92,   350.04
  848.56,   727.92,   476.13
  849.63,   728.36,   601.24
  602.52,   475.78,   473.48
  602.46,   477.03,   599.10
  602.51,   479.10,   724.32
  604.51,   601.45,   472.16
  604.29,   602.50,   597.46
  604.36,   603.88,   722.66
  606.09,   727.79,   470.93
  605.91,   728.65,   595.44
  605.75,   729.30,   720.10
  728.05,   473.43,   474.36
  728.08,   474.87,   599.48
  727.65,   476.88,   724.05
  730.53,   598.40,   472.82
  730.51,   599.73,   598.10
  729.50,   601.92,   722.34
  732.91,   723.55,   470.70
  732.80,   725.45,   596.15
  731.78,   728.06,   720.50
  852.37,   471.25,   474.68
  852.74,   472.96,   599.01
  852.26,   474.55,   722.61
  855.16,   596.27,   473.47
  855.22,   598.25,   598.08
  854.47,   600.00,   721.20
  858.05,   720.97,   471.37
  857.74,   723.23,   596.25
  856.97,   725.94,   720.28
  602.30,   472.81,   602.14
  600.45,   473.48,   727.42
  598.61,   474.69,   851.83
  603.62,   598.15,   601.65
  601.75,   598.51,   726.67
  599.57,   599.07,   851.07
  604.55,   724.29,   600.61
  602.35,   723.54,   725.40
  600.47,   723.59,   850.11
  728.04,   471.14,   604.09
  725.61,   472.19,   728.39
  723.42,   472.87,   853.34
  729.57,   596.13,   603.48
  727.07,   596.92,   728.19
  723.75,   597.62,   852.58
  731.51,   721.86,   602.64
  728.38,   722.98,   727.37
  725.71,   723.35,   851.81
  852.49,   469.78,   605.31
  850.42,   470.23,   729.07
  847.52,   470.30,   853.79
  854.27,   595.00,   605.11
  851.72,   595.95,   728.56
  848.98,   595.93,   852.82
  856.03,   720.31,   604.93
  853.54,   721.84,   728.80
  851.46,   722.00,   853.03
  600.21,   600.89,    99.61
  597.78,   600.38,   224.24
  595.76,   600.13,   349.40
  598.86,   726.21,   100.16
  597.50,   725.04,   225.72
  594.72,   725.43,   350.58
  598.40,   851.69,   100.79
  596.76,   850.01,   226.81
  594.29,   850.11,   351.30
  724.18,   601.37,   101.25
  722.28,   601.17,   225.43
  720.87,   599.94,   351.43
  723.63,   727.01,   101.81
  721.78,   725.65,   226.21
  720.68,   724.83,   351.50
  723.05,   852.06,   102.49
  722.02,   850.25,   227.06
  720.44,   849.23,   352.30
  848.86,   601.50,   103.01
  846.42,   601.64,   226.71
  845.53,   600.30,   353.66
  848.56,   727.34,   103.40
  846.32,   726.11,   227.25
  845.75,   724.67,   353.44
  847.70,   851.78,   104.25
  846.71,   850.33,   229.01
  845.76,   849.32,   353.95
  599.29,   600.10,   224.06
  598.75,   598.61,   349.20
  598.51,   596.97,   474.86
  601.13,   724.71,   226.76
  600.26,   723.96,   351.48
  599.31,   723.12,   476.22
  602.49,   849.69,   228.74
  601.92,   848.67,   353.56
  600.90,   847.44,   477.75
  723.39,   598.77,   223.46
  723.84,   596.56,   349.60
  724.36,   594.41,   475.64
  725.56,   723.15,   225.28
  726.16,   721.14,   350.87
  726.22,   719.32,   476.40
  727.58,   847.48,   227.43
  727.97,   845.43,   352.44
  727.65,   844.59,   477.75
  847.88,   596.88,   223.11
  848.57,   594.52,   349.91
  849.33,   592.73,   476.15
  849.95,   721.51,   224.86
  850.86,   719.09,   351.07
  851.34,   717.58,   477.21
  852.41,   845.81,   227.72
  852.97,   843.21,   352.47
  853.35,   841.77,   477.65
  598.12,   601.43,   348.27
  596.56,   600.03,   473.58
  595.19,   598.69,   598.80
  598.57,   726.69,   349.95
  596.52,   726.34,   474.73
  594.89,   724.45,   599.29
  599.18,   851.33,   351.69
  597.07,   850.80,   476.05
  595.33,   850.05,   600.41
  723.53,   600.25,   349.51
  722.51,   598.61,   475.72
  721.22,   597.58,   600.92
  724.36,   724.68,   350.84
  723.30,   723.56,   476.18
  721.98,   722.93,   601.11
  725.27,   849.50,   352.26
  723.77,   848.57,   477.21
  721.97,   848.85,   601.86
  848.30,   599.61,   351.30
  847.35,   597.88,   477.65
  846.03,   597.33,   602.24
  849.41,   723.92,   351.97
  848.65,   722.63,   478.08
  846.95,   722.67,   603.09
  850.60,   848.33,   353.33
  849.73,   847.00,   478.74
  847.50,   847.27,   604.02
  599.26,   599.05,   476.29
  601.40,   601.52,   601.89
  603.40,   604.44,   726.63
  597.94,   725.01,   473.28
  600.24,   727.48,   598.16
  602.36,   729.72,   722.88
  597.82,   849.53,   470.55
  599.72,   852.81,   594.86
  602.08,   856.07,   719.26
  725.04,   598.00,   474.66
  727.26,   601.12,   599.69
  728.58,   604.95,   724.08
  725.00,   723.19,   471.15
  727.24,   726.56,   596.20
  728.43,   730.99,   720.80
  724.72,   848.38,   468.16
  726.70,   852.38,   593.10
  728.55,   856.69,   717.46
  849.70,   598.16,   473.16
  852.09,   601.87,   597.66
  853.42,   605.35,   720.90
  850.27,   722.91,   469.43
  852.21,   726.83,   594.37
  853.70,   731.40,   718.49
  850.57,   847.31,   466.11
  852.06,   851.42,   591.37
  853.64,   855.57,   716.20
  600.26,   601.14,   601.79
  598.81,   604.28,   726.96
  597.30,   608.32,   851.52
  597.63,   727.19,   597.74
  596.09,   729.85,   722.37
  594.59,   732.69,   846.84
  595.71,   852.65,   594.00
  594.33,   855.96,   718.35
  593.13,   859.49,   843.11
  726.42,   602.70,   603.54
  723.85,   606.69,   727.80
  721.29,   610.15,   852.16
  724.48,   727.85,   599.54
  722.48,   732.56,   724.07
  719.98,   736.09,   848.37
  722.43,   853.76,   595.50
  720.74,   858.50,   720.50
  718.85,   861.97,   845.36
  850.92,   604.83,   604.66
  849.11,   608.87,   728.11
  846.53,   611.95,   852.38
  849.71,   730.09,   600.96
  847.51,   734.98,   725.15
  845.53,   738.36,   849.44
  848.17,   854.16,   597.27
  846.20,   859.43,   722.29
  844.24,   862.82,   847.27
